time,open,high,low,close,Volume
2004-11-18,44.42999,44.49001,44.07001,44.38,5992000
2004-11-19,44.49001,44.92,44.47,44.78,11655301
2004-11-22,44.75,44.97,44.74001,44.95,11996000
2004-11-23,44.88,44.92,44.72,44.75,3169200
2004-11-24,44.92999,45.05,44.78999,45.05,6105102
2004-11-26,45.25,45.60001,45.06,45.28999,3097700
2004-11-29,45.10001,45.5,45.08,45.39999,3759000
2004-11-30,45.37,45.41,44.82001,45.12,3859100
2004-12-01,45.28,45.59,45.25999,45.38,2037500
2004-12-02,45.55,45.57001,44.67999,44.95,6457801
2004-12-03,45.03999,46,44.8,45.60001,4218301
2004-12-06,45.39,45.47,45.11,45.17,3103000
2004-12-07,45.3,45.32001,45.07001,45.11,3809400
2004-12-08,43.8,44.02,43.36,44.00999,6150500
2004-12-09,43.75,43.89999,43.2,43.78,3553400
2004-12-10,43.37,43.60001,43.31,43.44,2464300
2004-12-13,43.61,44.01401,43.50999,43.91,1445100
2004-12-14,43.75999,43.8,43.50999,43.55,2240600
2004-12-15,44.10001,44.17,43.92,43.99001,2641400
2004-12-16,43.99001,44.05,43.58,43.67999,3269800
2004-12-17,43.92999,44.22,43.78,44.19,1889300
2004-12-20,44.33,44.37,44.13,44.34,1942100
2004-12-21,44.13,44.24001,44.05,44.22,1373400
2004-12-22,44.2,44.23,43.89,44.02,2706800
2004-12-23,44.17,44.35001,44.05,44.27,639800
2004-12-27,44.28999,44.56,44.27,44.48,2643700
2004-12-28,44.42,44.47,44.28999,44.37,773200
2004-12-29,43.92,44.02,43.35001,43.66,5633500
2004-12-30,43.5,43.88,43.49001,43.83,1289700
2004-12-31,43.85001,43.94,43.73,43.8,531600
2005-01-03,42.98,43.17,42.74001,43.02,4750500
2005-01-04,42.8,42.91,42.46001,42.74001,3456800
2005-01-05,42.75,42.88,42.60001,42.67,2108700
2005-01-06,42.48,42.56,42.07001,42.14999,2556400
2005-01-07,42.09,42.39,41.7,41.84,4492699
2005-01-10,41.99001,42.07001,41.89,41.95,1026100
2005-01-11,42.21001,42.28,42.12,42.21001,1507300
2005-01-12,42.52,42.78999,42.48,42.60001,1738000
2005-01-13,42.39,42.60001,42.34,42.60001,718300
2005-01-14,42.19,42.32001,42.13,42.32001,1262300
2005-01-18,42.22,42.38,42.14999,42.32001,666800
2005-01-19,42.64999,42.64999,42.2,42.25999,1578900
2005-01-20,42.12,42.32001,42.11,42.25,1276200
2005-01-21,42.32001,42.82001,42.28999,42.74001,889800
2005-01-24,42.74001,42.82001,42.67,42.77,2294900
2005-01-25,42.53,42.56,42.10001,42.24001,1332500
2005-01-26,42.59,42.78,42.56,42.69,541800
2005-01-27,42.48,42.64999,42.39999,42.62,571200
2005-01-28,42.71001,42.73,42.42999,42.69,1149100
2005-01-31,42.21001,42.3,41.96001,42.22,1692400
2005-02-01,42.09,42.14,41.95,42.10001,1088900
2005-02-02,42.22,42.23,42.02,42.16,956500
2005-02-03,41.56,41.74001,41.5,41.67999,2446400
2005-02-04,41.59,41.64999,41.39,41.47,1819400
2005-02-07,41.55,41.55,41.21001,41.27,1754000
2005-02-08,41.19,41.39999,41.05,41.25999,1296800
2005-02-09,41.03,41.36,41.02,41.31,3477900
2005-02-10,41.53,41.84,41.45,41.75,7774500
2005-02-11,41.89,42.16,41.83,42.08,1896500
2005-02-14,42.37,42.63,42.32001,42.55,2351800
2005-02-15,42.39999,42.60001,42.34,42.58,1559900
2005-02-16,42.32001,42.60001,42.2,42.52,1820300
2005-02-17,42.52,42.81,42.50999,42.73,3054200
2005-02-18,42.71001,42.82001,42.64,42.75,863200
2005-02-22,43.39,43.63,43.2,43.57001,3378500
2005-02-23,43.28999,43.55,43.14999,43.42,1534900
2005-02-24,43.48,43.48,43.2,43.33,1219300
2005-02-25,43.41,43.55,43.22,43.5,1100100
2005-02-28,43.67999,43.74001,43.52,43.52,759100
2005-03-01,43.3,43.37,43.10001,43.22,3245500
2005-03-02,43.16,43.35001,43.08,43.25,1188000
2005-03-03,43.06,43.13,42.89999,42.97,1924600
2005-03-04,43.33,43.52,43.31,43.38,915000
2005-03-07,43.32001,43.50999,43.25999,43.47,1290100
2005-03-08,43.71001,44.08,43.59,44.03,2674900
2005-03-09,43.95,44.2,43.92,44.02,3025000
2005-03-10,44.16,44.25,44,44.2,2065000
2005-03-11,44.31,44.67,44.28,44.42999,2659600
2005-03-14,44.25999,44.25999,43.95,44.03,867100
2005-03-15,44.23,44.23,43.92999,44.06,1254900
2005-03-16,44.28999,44.35001,44.2,44.31,2223300
2005-03-17,43.97,43.97,43.674,43.82001,1525200
2005-03-18,43.61,43.95,43.60001,43.892,1207500
2005-03-21,43.24001,43.25,42.87,43.09,3814400
2005-03-22,43.21001,43.22,42.55,42.64999,2609400
2005-03-23,42.60001,42.67,42.35001,42.42,2618600
2005-03-24,42.50999,42.53999,42.37,42.39,1466300
2005-03-28,42.45,42.58,42.41,42.53999,581100
2005-03-29,42.61,42.63,42.53999,42.56,1197800
2005-03-30,42.64999,42.81,42.56,42.61,1324300
2005-03-31,42.87,42.87,42.7,42.82001,1363200
2005-04-01,42.60001,42.62,42.45,42.62,2448500
2005-04-04,42.42999,42.42999,42.23,42.39999,1893100
2005-04-05,42.49001,42.53999,42.38,42.45,888000
2005-04-06,42.49001,42.72,42.49001,42.63,1637500
2005-04-07,42.77,42.81,42.53,42.57001,2853000
2005-04-08,42.48,42.71001,42.459,42.69,1002300
2005-04-11,42.84,42.96001,42.74001,42.78,514100
2005-04-12,42.7,42.84,42.61,42.84,2098700
2005-04-13,42.75999,42.95,42.67999,42.89999,384000
2005-04-14,42.45,42.48,42.16,42.31,3680300
2005-04-15,42.38,42.56,42.36,42.39999,1811100
2005-04-18,42.55,42.78,42.52,42.69,909800
2005-04-19,42.78999,43.36,42.72,43.28,3145400
2005-04-20,43.21001,43.52,43.19,43.39999,1248200
2005-04-21,43.42,43.42999,43.14,43.19,1550600
2005-04-22,43.46001,43.5,43.306,43.39,1169000
2005-04-25,43.35001,43.45,43.22,43.44,906300
2005-04-26,43.69,43.7,43.5,43.64,1531400
2005-04-27,43.53,43.53999,43.12,43.2,2762800
2005-04-28,43.16,43.27,42.99001,43,2260300
2005-04-29,43.17999,43.61,43.17999,43.35001,3736700
2005-05-02,43.13,43.17,42.81,42.88,1708600
2005-05-03,42.75,42.8,42.58,42.75999,1268700
2005-05-04,42.87,42.92,42.73,42.89999,607600
2005-05-05,42.96001,42.96001,42.71001,42.91,319300
2005-05-06,42.42999,42.63,42.34,42.52,3722700
2005-05-09,42.53999,42.61,42.48,42.55,600000
2005-05-10,42.71001,42.78999,42.58,42.64,461000
2005-05-11,42.55,42.83,42.50999,42.69,764600
2005-05-12,42.42,42.48,41.97,42.16,1880200
2005-05-13,42.12,42.12,41.83,41.95,802600
2005-05-16,41.77,41.89999,41.77,41.88,874500
2005-05-17,41.95,42.05,41.83,41.86,880800
2005-05-18,41.99001,42.11,41.83,42.05,2207100
2005-05-19,42,42.05,41.87,41.98,610200
2005-05-20,41.75999,41.83,41.61,41.64999,932800
2005-05-23,41.69,41.75,41.55,41.62,5001898
2005-05-24,41.83,41.83,41.64999,41.73,1684600
2005-05-25,41.78,41.89999,41.69,41.87,1535100
2005-05-26,41.73,41.81,41.64999,41.69,341500
2005-05-27,41.81,41.96001,41.74001,41.88,2453600
2005-05-31,41.45,41.69,41.33,41.64999,3198900
2005-06-01,41.41,41.64999,41.39999,41.53,1792900
2005-06-02,41.94,42.28,41.91,42.10001,5752602
2005-06-03,42.33,42.39,42.17,42.17,3350700
2005-06-06,42.56,42.64999,42.45,42.48,2470800
2005-06-07,42.48,42.48,42.31,42.38,611000
2005-06-08,42.45,42.56,42.24001,42.34,691500
2005-06-09,42.24001,42.39999,42.03,42.27,694700
2005-06-10,42.25,42.72,42.12,42.62,1678000
2005-06-13,42.81,43.00999,42.7,42.78,2331600
2005-06-14,42.66,42.7,42.58,42.60001,825500
2005-06-15,42.69,42.89,42.67,42.74001,2311400
2005-06-16,43.3,43.55,43.17,43.46001,1809200
2005-06-17,43.78,43.85001,43.61,43.63,1816500
2005-06-20,43.94,43.94,43.66,43.66,1433700
2005-06-21,43.58,43.82001,43.42,43.81,672600
2005-06-22,43.66,43.75999,43.53,43.72,1258500
2005-06-23,43.84,44.13,43.78,44.02,1576600
2005-06-24,43.96001,44.06,43.67999,43.89999,473500
2005-06-27,43.89999,43.92999,43.73,43.91,1016500
2005-06-28,43.64,43.64,43.37,43.45,1295600
2005-06-29,43.49001,43.7,43.46001,43.63,1199800
2005-06-30,43.63,43.77,43.36,43.44,1087500
2005-07-01,43.39999,43.39999,42.59,42.7,1755300
2005-07-05,42.33,42.34,42.06,42.28,2582700
2005-07-06,42.36,42.38,42.24001,42.25,1254600
2005-07-07,42.47,42.56,42.05,42.36,4345199
2005-07-08,42.32001,42.39999,42.12,42.25999,824300
2005-07-11,42.33,42.57001,42.28,42.53999,2252900
2005-07-12,42.61,42.64,42.39999,42.64,1274200
2005-07-13,42.35001,42.38,42.25,42.35001,981300
2005-07-14,42.33,42.36,41.8,41.89999,1642600
2005-07-15,41.75999,42.07001,41.7,42.05,1104800
2005-07-18,41.96001,42.17,41.94,42.00999,956400
2005-07-19,41.88,42,41.81,41.89,1132600
2005-07-20,42.16,42.25,42.05,42.2,2266800
2005-07-21,42.42999,42.50999,42.33,42.46001,1777300
2005-07-22,42.45,42.48,42.34,42.45,633300
2005-07-25,42.46001,42.56,42.42999,42.50999,2122100
2005-07-26,42.28,42.37,42.14,42.25,637000
2005-07-27,42.3,42.5,42.3,42.44,1560600
2005-07-28,42.46001,42.78999,42.46001,42.75,3673300
2005-07-29,42.83,42.96001,42.78999,42.82001,1185100
2005-08-01,43.08,43.17,42.99001,43.13,1493900
2005-08-02,43.07001,43.14999,42.99001,43.14,699600
2005-08-03,43.38,43.62,43.35001,43.53,1545900
2005-08-04,43.67999,43.82001,43.63,43.67999,867600
2005-08-05,43.71001,43.75,43.56,43.60001,1100800
2005-08-08,43.52,43.55,43.27,43.35001,1108500
2005-08-09,43.27,43.35001,43.166,43.34,1305800
2005-08-10,43.5,43.66,43.45,43.64999,695500
2005-08-11,43.89999,44.62,43.86,44.45,2187100
2005-08-12,44.49001,44.72,44.42999,44.49001,2428500
2005-08-15,44.19,44.27,43.98,44.13,1524500
2005-08-16,44.06,44.57001,44.05,44.55,1883000
2005-08-17,44.25999,44.3,43.72,43.91,1990300
2005-08-18,43.94,44.14,43.82001,43.83,1093500
2005-08-19,43.77,43.88,43.49001,43.60001,811800
2005-08-22,43.84,43.95,43.66,43.7,877200
2005-08-23,43.84,43.89999,43.71001,43.75999,607700
2005-08-24,43.94,43.96001,43.41,43.59,894300
2005-08-25,43.75999,43.81,43.60001,43.73,1652600
2005-08-26,43.78,43.89999,43.50999,43.61,1301700
2005-08-29,43.81,43.96001,43.56,43.57001,1585500
2005-08-30,42.96001,43.07001,42.81,43.00999,2200400
2005-08-31,43.10001,43.39999,43.03,43.39999,2416500
2005-09-01,43.92999,44.39999,43.85001,44.22,2502900
2005-09-02,44.24001,44.36,44.09,44.25,1414900
2005-09-06,44.42,44.42,44.19,44.27,819700
2005-09-07,44.41,44.49001,44.28999,44.33,1300700
2005-09-08,44.72,44.78,44.47,44.60001,1061200
2005-09-09,44.67,44.87,44.66,44.84,1393900
2005-09-12,44.67999,44.89,44.62,44.89,752500
2005-09-13,44.62,44.62,44.36,44.56,952700
2005-09-14,44.82001,44.96001,44.66,44.96001,1733800
2005-09-15,45.24001,45.47,45.13,45.42,2150300
2005-09-16,45.8,45.88,45.55,45.82001,2878900
2005-09-19,46.27,46.73,46.22,46.25,6072102
2005-09-20,46.52,46.52,46.22,46.23,1898900
2005-09-21,46.58,47.13,46.55,47.06,3681900
2005-09-22,46.84,46.84,46.224,46.36,2347300
2005-09-23,46.2,46.3,45.92,46.28,2352800
2005-09-26,45.84,46.61,45.84,46.57001,1361200
2005-09-27,46.14,46.33,45.66,46.25,2341300
2005-09-28,46.3,46.89,46.16,46.8,3448100
2005-09-29,46.86,47.23,46.83,47.10001,2947300
2005-09-30,47.09,47.2,46.64999,46.7,1194400
2005-10-03,46.62,46.63,46.38,46.42,2194900
2005-10-04,46.67,46.73,46.3,46.45,1764800
2005-10-05,46.38,46.53,46.14,46.36,1692300
2005-10-06,46.62,47.25999,46.62,47.21001,2009500
2005-10-07,46.99001,47.48,46.94,47.36,1820500
2005-10-10,47.31,47.44,47.09,47.37,1285500
2005-10-11,47.39999,47.72,47.36,47.39,2826900
2005-10-12,47.53,47.64,46.82001,46.85001,3930500
2005-10-13,46.89,47.06,46.60001,47.02,2632300
2005-10-14,46.49001,46.83,46.41,46.8,2442300
2005-10-17,47.25999,47.37,47.19,47.25999,1784300
2005-10-18,47.09,47.17999,46.92999,47,1243200
2005-10-19,46.50999,46.50999,46.03999,46.34,2958200
2005-10-20,46.33,46.34,45.83,45.98,1680300
2005-10-21,46.12,46.56,45.91,46.52,1409400
2005-10-24,46.39,46.73,46.31,46.39,2051300
2005-10-25,46.92999,47.19,46.89999,47.06,3290600
2005-10-26,47.09,47.21001,46.89,46.92999,2248400
2005-10-27,47.39999,47.42,47.10001,47.17999,2464500
2005-10-28,46.87,47.25999,46.82001,47.22,1435000
2005-10-31,47.02,47.03999,46.33,46.39999,2327500
2005-11-01,46.07001,46.07001,45.64999,45.73,3483400
2005-11-02,45.99001,46.23,45.89999,46.13,1008600
2005-11-03,46.06,46.08,45.75,45.96001,1703300
2005-11-04,45.92999,46.07001,45.32001,45.50999,1813200
2005-11-07,45.67,45.82001,45.46001,45.77,839100
2005-11-08,45.83,46.10001,45.82001,45.91,583600
2005-11-09,46.12,46.64999,46.03,46.56,1382700
2005-11-10,46.78,46.82001,46.36,46.48,810900
2005-11-11,46.55,46.8,46.439,46.8,1467300
2005-11-14,46.56,46.81,46.50999,46.62,706500
2005-11-15,46.8,46.83,46.53,46.66,1325400
2005-11-16,47.28999,47.78,47.22,47.78,2355200
2005-11-17,48.23,48.58,48.17,48.48,4172398
2005-11-18,48.5,48.61,48.2,48.46001,1453800
2005-11-21,48.69,49.02,48.5,48.99001,2384900
2005-11-22,49.02,49.34,48.8501,49.32001,2799500
2005-11-23,48.8,49.25,47.92,49.14999,1731700
2005-11-25,49.45,49.99001,49.3,49.42,775000
2005-11-28,49.3,49.75,49.25999,49.74001,2192000
2005-11-29,49.57001,49.98,49.38,49.8,2283600
2005-11-30,49.36,49.5,49.06,49.10001,1833400
2005-12-01,49.63,50.28999,49.58,50.17,2557900
2005-12-02,49.92999,50.34,49.89,50.32001,1651900
2005-12-05,50.42999,50.8,50.28999,50.78,1847500
2005-12-06,50.38,50.95,50.21001,50.89,2493600
2005-12-07,51.22,51.5,51.10001,51.32001,2279800
2005-12-08,51.34,51.95,51.25999,51.89999,3046000
2005-12-09,52.31,52.89999,52.03,52.39999,5882500
2005-12-12,53.09,53.75999,52.25,52.56,7505301
2005-12-13,52.2,53.23,51.56,51.64999,6162102
2005-12-14,50.95,51.2,50.25,50.35001,6993898
2005-12-15,50.48,50.78999,50.11,50.24001,4728500
2005-12-16,50.32001,50.59,49.92999,50.09,2688000
2005-12-19,50.58,50.75,50.12,50.22,2077100
2005-12-20,50.35001,50.39999,49,49.03999,4317898
2005-12-21,49.12,49.45,48.8,49.37,3956400
2005-12-22,49.50999,50.3,49.47,50.14,2965300
2005-12-23,50.10001,50.46001,50.08,50.12,2877600
2005-12-27,50.64999,50.7,50.5,50.64,4403699
2005-12-28,51.50999,51.61,51.17999,51.47,5060898
2005-12-29,51.48,51.58,50.92,51.47,3282700
2005-12-30,51.19,51.72,51.17,51.58,2635900
2006-01-03,52.28999,53.17999,52.23,53.12,4606500
2006-01-04,52.87,53.34,52.62,53.3,5287898
2006-01-05,52.56,52.72,52.10001,52.34,7661801
2006-01-06,53.14,53.87,53.03999,53.72,4629898
2006-01-09,53.46001,54.99001,53.31,54.60001,5394199
2006-01-10,53.96001,54.38,53.75999,54.06,5700602
2006-01-11,54.24001,54.77,54.07001,54.53,4209801
2006-01-12,54.21001,54.63989,54.00999,54.42999,3603000
2006-01-13,54.55,55.56,54.50999,55.44,4346199
2006-01-17,55.25,55.87,55.03,55.25999,5130398
2006-01-18,54.64,54.73,54.00999,54.07001,4565199
2006-01-19,54.96001,55.71001,54.95,55.59,5290699
2006-01-20,56.12,56.60001,55.02,55.2,7306602
2006-01-23,55.59,55.89999,55.25999,55.77,4968500
2006-01-24,55.5,55.73,55.27,55.73,3419100
2006-01-25,56.22,56.53,55.74001,56.14,10005301
2006-01-26,55.53,55.91,55.27,55.88,4306699
2006-01-27,55.96001,56.23,55.47,55.63,4285602
2006-01-30,55.97,56.7,55.9501,56.67999,3969200
2006-01-31,56.57001,57.05,56.53,56.7,5011699
2006-02-01,56.78999,56.89999,56.08,56.7,4700898
2006-02-02,57.03999,57.3,56.67,56.98,5114301
2006-02-03,57.07001,57.2,56.25,56.5,5054102
2006-02-06,56.75999,57.1499,56.64999,56.72,3455200
2006-02-07,55.88,55.92,54.33,54.60001,10197801
2006-02-08,54.7,55.08,54.41,54.83,5375898
2006-02-09,55.72,56.45,55.55,56.17999,5299301
2006-02-10,55.74001,55.74001,54.42,54.78999,4328500
2006-02-13,54.64,54.89999,53.55,53.72,5122898
2006-02-14,53.94,54.53,53.67999,54.49001,3611000
2006-02-15,54.3,54.3,53.33,53.75999,4813898
2006-02-16,53.42,54.53999,53.42,54.52,5589699
2006-02-17,54.67,55.2,54.60001,54.96001,3927200
2006-02-21,55.14,55.34,55,55.12,3352600
2006-02-22,54.97,55.35001,54.86,55.34,3835700
2006-02-23,55.08,55.11,54.55,54.64,2428700
2006-02-24,55.21001,55.71001,55.03,55.64,4927199
2006-02-27,55.25999,55.32001,55.00999,55.22,2291600
2006-02-28,55.42999,56.07001,55.3,56.07001,3425900
2006-03-01,56.02,56.42,55.92,56.10001,4266500
2006-03-02,56.14999,56.82001,55.99001,56.74001,3862000
2006-03-03,56.48,56.53999,56.2,56.28,3102800
2006-03-06,56.41,56.45,54.96001,55.23,5432199
2006-03-07,55.33,55.33,54.55,54.95,4385398
2006-03-08,54.21001,54.27,53.56,53.97,6712102
2006-03-09,54.60001,54.78,54.13,54.24001,3799200
2006-03-10,53.22,53.97,53.14999,53.83,6489199
2006-03-13,54.09,54.46001,53.92,54.31,2425700
2006-03-14,54.23,55,54.2,54.87,2671700
2006-03-15,55.41,55.44,54.98,55.12,4706801
2006-03-16,55.14999,55.34,54.49001,55.34,3342200
2006-03-17,55.28,55.33,54.92999,55.12,2236000
2006-03-20,55.00999,55.39999,54.98,55.17,1884800
2006-03-21,54.71001,55.28,54.39999,54.83,4518898
2006-03-22,54.75,54.92999,54.60001,54.75,1077300
2006-03-23,54.36,54.85001,54.24001,54.7,4000800
2006-03-24,55.14999,55.83,55.10001,55.71001,3785200
2006-03-27,56.17999,56.55,56.17999,56.39,4081900
2006-03-28,56.56,56.63,55.92,56.06,3419700
2006-03-29,56.34,57.14999,56.25,57.07001,5537199
2006-03-30,57.98,58.7,57.81,58.60001,5875301
2006-03-31,58.07001,58.31,57.56,58.10001,5076398
2006-04-03,58.62,58.92999,58.39999,58.47,4935500
2006-04-04,58.44,58.75999,58.17999,58.33,5094500
2006-04-05,58.64,58.71001,58,58.66,6660301
2006-04-06,58.97,59.34,58.85001,59.28,5644000
2006-04-07,58.67,58.82001,58.22,58.59,3427000
2006-04-10,59.48,59.64999,58.95,59.60001,3682000
2006-04-11,59.52,59.85001,59,59.00999,5023398
2006-04-12,59.45,59.71001,59.14999,59.42999,3709900
2006-04-13,59.13,59.60001,58.87,59.5,2812500
2006-04-17,60.38,61.3,60.2,61.09,6072602
2006-04-18,61.25,61.92999,61.0601,61.85001,5131000
2006-04-19,61.96001,63.95,61.89999,63.75,11286102
2006-04-20,63.39,63.45,60.44,60.96001,12978000
2006-04-21,62.50999,63.28,61.78,63.2,7528500
2006-04-24,62.35001,62.53,61.60001,61.64999,7385301
2006-04-25,62.86,63.1799,62.17999,62.78,5611199
2006-04-26,63.03999,63.78999,63.03999,63.64999,5796898
2006-04-27,62.84,64,62.77,62.96001,6420301
2006-04-28,63.89999,65.27,63.83,65.09,8379000
2006-05-01,65.67999,65.83,64.98,65.16,7556398
2006-05-02,65.60001,66.57001,65.56,66.55,6195500
2006-05-03,67.13499,67.14,65.33,66.46001,11557801
2006-05-04,66.75999,67.67,66.22,67.48,14124602
2006-05-05,67.50999,68.00999,67.06,67.99001,9271000
2006-05-08,67.2,67.61,66.75,67.56,6538898
2006-05-09,68.53999,69.72,68.45,69.67999,12058301
2006-05-10,69.27,70.49001,69.27,70.38,10314898
2006-05-11,71.98,72.14999,71,71.03,17781904
2006-05-12,71.84,72.25999,70.2,71.12,20637104
2006-05-15,68.67999,69.3,67.32001,67.41,18384096
2006-05-16,68.32001,68.86,67.87,68.61,12222301
2006-05-17,69.50999,70.17,68.07001,68.14999,16416398
2006-05-18,68.69,69.10001,67.36,67.46001,12720699
2006-05-19,65.75999,66.05,64.7,65.58,18687600
2006-05-22,64.42,65.42,63.8,65.3,11977898
2006-05-23,65.99001,67.16,65.91,66.38,10510199
2006-05-24,64.83,65.16,63.22,64.06,11065699
2006-05-25,64.12,64.75999,63.75999,64.7,6506500
2006-05-26,65.00999,65.10001,63.75,65.10001,5265898
2006-05-30,65.2,66.24001,65,65.11,8240199
2006-05-31,65.53,65.59,63.58,64.23,7573301
2006-06-01,62.14999,62.97,61.8,62.56,11751801
2006-06-02,63.10001,63.59,62.53,63.5,6959301
2006-06-05,63.82001,64.19,63.1201,63.28999,6019699
2006-06-06,62.58,62.67,62.16,62.55,7175199
2006-06-07,61.53999,62.85001,61.35001,62.28,10172699
2006-06-08,61.5,61.53,60.42999,60.91,14228801
2006-06-09,61.17,61.38,59.71001,60.45,7414801
2006-06-12,60.78,60.84,59.98,60.03,4123000
2006-06-13,58.10001,58.64999,55.81,55.92,26223104
2006-06-14,56.64999,56.91,55.05,55.62,12657000
2006-06-15,57.12,57.62,56.33,57.32001,11909602
2006-06-16,57.3,57.92999,56.42999,57.67999,7319398
2006-06-19,56.85001,57.25,56.14999,56.36,5737602
2006-06-20,56.64,57.48,56.16,57.3,11072500
2006-06-21,56.62,58.77,56.62,58.33,6162602
2006-06-22,58.17,58.61,57.66,57.73,5374898
2006-06-23,57.27,58.3,57.27,57.99001,6106699
2006-06-26,58.25,58.33,57.42,58.28,3423700
2006-06-27,58.71001,59.25999,57.67999,57.67999,6515898
2006-06-28,58.14999,58.19,57.35001,57.53999,2898900
2006-06-29,58,59.78,58,59.52,10751602
2006-06-30,60.87,61.35001,60.67999,61.23,7773801
2006-07-03,61.96001,62.37,61.88,62.17999,3078500
2006-07-05,62.48,62.63,61.44,62.5,8178398
2006-07-06,62.46001,63.2,62.05,63.02,5686602
2006-07-07,62.84,63.05,62.46001,62.63,5329102
2006-07-10,62.13,62.5,61.99001,62.02,3512500
2006-07-11,62.83,63.98,62.7,63.81,5787398
2006-07-12,64.64999,65.19,63.00999,64.92,9450301
2006-07-13,65.09,65.67999,64.11,65.55,12226801
2006-07-14,65.89999,66.42,65.7,65.85001,10035801
2006-07-17,64.78999,65.22,63.67,63.95,9905898
2006-07-18,64.75,64.75,62.34,62.89999,7639398
2006-07-19,62.57001,64.24001,62.48,64.03,7261301
2006-07-20,63.39999,63.97,62.39999,62.53999,6402801
2006-07-21,63.19,63.25,61.21001,61.71001,6949301
2006-07-24,60.63,61.23,59.83,61.14,7281398
2006-07-25,61.34,61.60001,60.56081,61.55,4737000
2006-07-26,61.35001,62.36,60.9301,62,3376000
2006-07-27,63.53,63.61,62.55,62.89999,4698602
2006-07-28,62.78,63.34,62.75,63.11,3156500
2006-07-31,63.12,63.35001,62.44,63.16,3420200
2006-08-01,62.92,64.46001,62.92,64.32001,4671801
2006-08-02,64.74001,65.22,64.39999,64.75,5052000
2006-08-03,64,64.33,63.5452,64.12,3840600
2006-08-04,64.87,64.98,64,64.28,4811602
2006-08-07,64.47,64.81,64.25,64.5,2493800
2006-08-08,63.98,64.57001,63.85001,63.97,5574199
2006-08-09,64.56,65.13,64.39,64.63,4369602
2006-08-10,64.02,64.38,62.97,63.25,6871102
2006-08-11,63.58,64.10001,62.24001,62.71001,6962801
2006-08-14,62.39,62.89999,62.02,62.25,3526100
2006-08-15,61.95,62.27,61.67999,62.00999,4833699
2006-08-16,62.63,62.89,62.24001,62.49001,3333000
2006-08-17,62.32001,62.35001,60.96001,61.03,4216102
2006-08-18,61.49001,61.5,60.3,61.03999,6420301
2006-08-21,62.09,62.48,61.8,62.44,3596000
2006-08-22,62.05,62.2,61.61,62.05,4067700
2006-08-23,62.56,62.67999,61.75,61.83,3573700
2006-08-24,61.98,62.06,61.45,61.75,2198200
2006-08-25,61.88,62,61.58,61.77,2127000
2006-08-28,61.8,61.8,60.83,61,3584600
2006-08-29,61,61.09,60.32001,60.94,3609800
2006-08-30,61.49001,61.66,61.0901,61.42,2900700
2006-08-31,62,62.3,61.7274,62.28999,4842301
2006-09-01,61.95,62.28999,61.48,62.14,3210200
2006-09-05,63.2,63.63,63.06,63.36,4219398
2006-09-06,63.22,63.52,62.83,62.86,3210900
2006-09-07,61.87,61.92,60.99001,61.25,5402398
2006-09-08,60.52,60.77,60.28,60.64,3693900
2006-09-11,58.85001,59.25,57.91,58.5,10582602
2006-09-12,58.64999,59.09,58.17999,58.31,5834199
2006-09-13,58.60001,58.92999,57.97,58.62,3538400
2006-09-14,58.59,58.72,57.08,57.19,7641398
2006-09-15,57.2,57.78999,56.66,57.39999,6454801
2006-09-18,57.47,58.39,57.42,58.23,4439102
2006-09-19,58.02,58.11,56.84,56.92,5287301
2006-09-20,57.81,58.24001,57.2,57.25999,5385199
2006-09-21,57.35001,58.09,57.22,57.95,3870800
2006-09-22,58.7,58.75,57.99001,58.5,3320400
2006-09-25,58.14999,58.75999,57.78,58.5,3797300
2006-09-26,58.5,58.97,58.25,58.74001,2763400
2006-09-27,59.22,59.86,58.73,59.81,4656898
2006-09-28,59.88,60.27,59.57001,59.78999,3931100
2006-09-29,59.52,59.63,58.97501,59.47,3201000
2006-10-02,59.8,59.88,59.03,59.14999,2018800
2006-10-03,57.92999,58.14,56.91,57.11,5233898
2006-10-04,57.47,57.52,55.55,56.37,8154102
2006-10-05,56.94,57.02,56.32001,56.92,3891000
2006-10-06,56.28,57.02,55.63,56.99001,4282699
2006-10-09,57.46001,57.5,56.72,57.2,2689900
2006-10-10,56.55,57.28,56.48,57,3422100
2006-10-11,57.3,57.52,56.7,56.88,2944200
2006-10-12,56.74001,57.49001,56.64999,57.49001,2777500
2006-10-13,58.25,58.60001,57.94,58.57001,3078500
2006-10-16,58.92999,59.17999,58.72,59.17,1986500
2006-10-17,59,59.10001,58.12,58.64999,2657100
2006-10-18,58.82001,59.03,58.25999,58.59,3679000
2006-10-19,59.03999,59.64999,59.02,59.41,2954100
2006-10-20,59.45,59.48,58.64999,58.78,3190600
2006-10-23,57.88,58.19,57.52,57.75999,3521800
2006-10-24,57.2,58.25999,56.87,58.17,3558200
2006-10-25,57.83,58.78,57.55,58.75999,4384602
2006-10-26,59.03,59.45,58.98,59.28999,5241102
2006-10-27,59.42999,59.57001,59.03999,59.39999,3080700
2006-10-30,60.05,60.64999,59.88,59.89999,4675699
2006-10-31,59.59,60.36,59.57001,60.24001,4603000
2006-11-01,61.03,61.55,60.67999,61.36,8172301
2006-11-02,61.47,62.19,61.47,61.92,6680500
2006-11-03,61.81,62.5,61.64999,62.3,7359699
2006-11-06,62.17,62.34,61.85001,61.89,4079100
2006-11-07,62.35001,62.48,61.97,62.03999,5332398
2006-11-08,61.94,62.08,60.87,61.11,5319699
2006-11-09,62.12,63.13,61.94,62.95,6634898
2006-11-10,62.7,62.82001,62.06,62.49001,4437301
2006-11-13,61.92999,62.25,61.77,62.19,3408800
2006-11-14,62.31,62.52,61.46001,61.63,5706199
2006-11-15,61.34,62.07001,61.25,61.84,3760500
2006-11-16,62.16,62.2988,61.27,61.31,4347500
2006-11-17,61.39999,61.78,61.34,61.78,3390900
2006-11-20,62.06,62.25,61.56,61.77,2947200
2006-11-21,62.25,62.52,62.03,62.27,2930700
2006-11-22,62.64,63.07001,62.25,62.5,4863602
2006-11-24,63.48,63.67999,63.31,63.5,6886199
2006-11-27,63.46001,63.74001,63.32001,63.7,5249801
2006-11-28,63.60001,63.71001,62.82001,63.57001,6059000
2006-11-29,63.37,63.39,63.08,63.16,4006500
2006-11-30,64.07001,64.42999,63.89999,64.39,6366398
2006-12-01,64.2,64.55,63.99001,64.12,6364398
2006-12-04,64.03,64.14,63.56,64.12,3469100
2006-12-05,64.25,64.42,63.36,63.81,5255301
2006-12-06,63.08,63.45,62.28999,62.69,6386602
2006-12-07,62.64,62.78,61.99001,62.73,5386699
2006-12-08,63.08,63.34,61.87,62.05,6081398
2006-12-11,62.17999,62.60001,62.07001,62.57001,3163900
2006-12-12,62.41,62.56,62.17,62.52,3018700
2006-12-13,62.10001,62.57001,61.88,62.48,3595500
2006-12-14,62.28999,62.47,62.03999,62.12,2237700
2006-12-15,62.21001,62.22,60.92999,61,7428199
2006-12-18,60.85001,61.11,60.64999,61.03999,3880800
2006-12-19,61.2,61.83,61.17999,61.8,4255102
2006-12-20,61.64,61.8,61.45,61.62,2979300
2006-12-21,61.58,61.7,61.27,61.38,2483300
2006-12-22,61.45,61.8,61.32001,61.64999,1367800
2006-12-26,62.24001,62.45,61.87,61.98,1975200
2006-12-27,62.3,62.46001,62.17,62.22,3063500
2006-12-28,62.97,63.05,62.69,62.89999,2539600
2006-12-29,62.91,63.25,62.88,63.21001,2117200
2007-01-03,63.58,64.02,62,62.28,8061898
2007-01-04,62.07001,62.5,61.52,61.64999,4858602
2007-01-05,60.75,60.78,59.66,60.17,12500199
2007-01-08,60.38,60.53999,59.851,60.48,3478700
2007-01-09,60.14,61.09,60.06,60.85001,4170398
2007-01-10,60.46001,60.82001,60.06,60.59,3766000
2007-01-11,60.7,61.07001,60.53,60.63,4640000
2007-01-12,61,62.28,60.89999,62.17,5840199
2007-01-16,62.2,62.3,61.74001,61.97,3201000
2007-01-17,61.97,62.89999,61.97,62.64,4516199
2007-01-18,62.99001,63.16,62.14999,62.25999,4460102
2007-01-19,62.52,63.13,62.27,63,3258400
2007-01-22,63.00999,63.48,62.64999,62.72,3941300
2007-01-23,63.67999,64.28999,63.67,64.23,6322000
2007-01-24,63.71001,64.41,63.37,64.33,5241500
2007-01-25,64.8,64.88,63.98,64.06,5985801
2007-01-26,64.16,64.31,63.75999,64.10001,3494600
2007-01-29,63.85001,64.28999,63.66,63.77,3487300
2007-01-30,63.92,64.23,63.83,64.22,3094200
2007-01-31,63.99001,64.98109,63.95,64.83,5900898
2007-02-01,65.45,65.63,65.06,65.22,6285000
2007-02-02,64.75999,64.8,63.8,64.28,9079398
2007-02-05,64.67999,64.69,64.24001,64.31,2553500
2007-02-06,65.05,65.10001,64.53,64.78999,2928800
2007-02-07,64.78,65.14999,64.48,64.63,3075400
2007-02-08,64.92,65.61,64.83009,65.52,4769898
2007-02-09,65.27,66.38,65.22,66.12,6816500
2007-02-12,66,66.11,65.41,65.67,4113582
2007-02-13,66.13,66.34,65.55,65.84,4143305
2007-02-14,66.23,66.66,65.97,66.37,4174605
2007-02-15,66.22,66.53,65.71001,66.41,7673398
2007-02-16,65.94,66.39,65.75999,66.36,3200500
2007-02-20,66.10001,66.10001,65,65.31,4811102
2007-02-21,65.31,67.71001,65.2,67.28,11076801
2007-02-22,67.44,67.56,66.97,67.14999,6563602
2007-02-23,67.35001,68.28999,67.35001,67.72,8126199
2007-02-26,67.97,68.23,67.63,68.10001,5254199
2007-02-27,67.34,68.33,65.07001,65.41,15216801
2007-02-28,66.73,66.92999,65.53999,66.48,8924801
2007-03-01,66.23,66.75,65.58,65.82001,7110422
2007-03-02,64.59,65,63.34,63.71001,13733000
2007-03-05,63.12,63.78,62.62,62.92999,9830301
2007-03-06,63.66,64.37,63.46001,64.14999,6993000
2007-03-07,64.14,64.64,63.55,64.3,6132102
2007-03-08,64.78999,65.03999,64.42999,64.48,4285000
2007-03-09,64.82001,65.22,64.14999,64.25,9025500
2007-03-12,64.53999,64.74001,63.96001,64.37,4558801
2007-03-13,64.28999,64.69,63.57001,63.72,4331699
2007-03-14,63.34,64.06,63.09,63.94,7417000
2007-03-15,64.03,64.46001,63.88,63.98,7038000
2007-03-16,64.53999,64.99001,64.38,64.62,5042000
2007-03-19,64.88,64.94,64.63,64.74001,2990500
2007-03-20,64.92999,65.53999,64.92999,65.27,4416398
2007-03-21,65.53999,65.89999,65.12,65.82001,5060500
2007-03-22,65.78,66.13,65.60001,65.75999,4720000
2007-03-23,65.78999,65.89999,64.89999,65.14999,5594102
2007-03-26,65.36,65.97,65.36,65.84,3928800
2007-03-27,65.88,65.97,65.5,65.7,3261900
2007-03-28,66.14,66.48,65.77,66.05,6310000
2007-03-29,65.97,66,64.92999,65.64999,5448398
2007-03-30,65.74001,66.21001,65.49001,65.74001,4290199
2007-04-02,65.74001,66.14,65.03,65.85001,5378102
2007-04-03,65.67,66.22,65.64999,65.83,4141699
2007-04-04,66.09,66.98,66,66.81,7126102
2007-04-05,66.7,66.96001,66.59,66.86,3592700
2007-04-09,66.88,67.2,66.46001,66.53,3297300
2007-04-10,67.16,67.55,66.98,67.16,2741900
2007-04-11,67.25999,67.5,66.81,67.08,4357199
2007-04-12,67.06,67.25,66.48,66.99001,6022301
2007-04-13,67.49001,67.97,67.19,67.84,5063000
2007-04-16,68.14,68.5,67.67999,68.39999,7912301
2007-04-17,68.31,68.48,67.98,68,4159000
2007-04-18,68.10001,68.45,67.95,68.38,4933500
2007-04-19,68,68.03999,67.25,67.53,5344801
2007-04-20,68.58,68.73,68.35001,68.7,3358100
2007-04-23,68.41,68.64999,68.03999,68.25999,2487500
2007-04-24,68.45,68.5,67.42999,67.73,5073699
2007-04-25,67.85001,68.06,67.66,67.89,2614100
2007-04-26,67.42999,67.42999,66.5,66.87,4668102
2007-04-27,66.84,67.57001,66.84,67.56,5232699
2007-04-30,67.2,67.52,67.03999,67.09,2607000
2007-05-01,66.98,67,66.53999,66.69,3946300
2007-05-02,66.34,66.75,66.11,66.66,4499301
2007-05-03,66.87,67.62,66.67999,67.49001,4054400
2007-05-04,67.74001,68.42999,67.74001,68.19,3313800
2007-05-07,68.42,68.46001,68.022,68.25,1995100
2007-05-08,67.95,68.02,67.53,67.88,2475300
2007-05-09,67.81,67.84,66.922,67.45,4647500
2007-05-10,67.03999,67.11,65.8,66,5536000
2007-05-11,66.13,66.66,66.13,66.45,2937400
2007-05-14,66.63,66.64999,66,66.28,3597600
2007-05-15,65.89,66.73,65.88,66.53999,2567000
2007-05-16,66.37,66.37,65.32001,65.60001,7268602
2007-05-17,65.44,65.60001,64.72,65.06,8707000
2007-05-18,65.07001,65.67,64.85001,65.52,3158200
2007-05-21,65.28999,65.75951,65.06,65.67,10954301
2007-05-22,65.7,65.82001,65.16,65.22,5886699
2007-05-23,65.52,65.89,65.45,65.53999,6441801
2007-05-24,65.46001,65.46001,64.52,64.75,6228301
2007-05-25,64.96001,65.08,64.73,64.94,4214301
2007-05-29,65.12,65.57001,64.94,65.07001,3343100
2007-05-30,64.86,64.86,64.60001,64.72,2744800
2007-05-31,65.16,65.58,65.07001,65.53999,7531602
2007-06-01,65.7,66.53999,65.7,66.44,5634898
2007-06-04,66.61,66.75999,66.3,66.53999,2626500
2007-06-05,66.7,66.7,66.23,66.37,3728100
2007-06-06,66.11,66.55,65.88,66.41,3596600
2007-06-07,66.27,66.39999,65.16,65.25999,6394301
2007-06-08,64.88,65.02,63.74001,64.22,7313500
2007-06-11,64.34,64.87,64.34,64.7,4606801
2007-06-12,64.52,64.53,63.91,64.10001,4073200
2007-06-13,63.95,64.64999,63.89999,64.53,2803400
2007-06-14,64.16,64.8,63.95,64.60001,2765400
2007-06-15,64.42999,64.94,64.39999,64.85001,3032900
2007-06-18,65.19,65.25,64.82001,64.95,1791000
2007-06-19,64.78999,65.56,64.75,65.48,2700900
2007-06-20,65.42,65.50999,64.60001,64.71001,2591600
2007-06-21,64.73,65.02,64.13,64.56,2709200
2007-06-22,64.89999,64.98,64.42999,64.78,1890900
2007-06-25,64.48,64.74001,64.22,64.42999,3424900
2007-06-26,64.2,64.25,63.39,63.62,8276500
2007-06-27,63.53999,63.89,63.42999,63.67,4689801
2007-06-28,63.98,64.38,63.91,64.25999,4231699
2007-06-29,64.28999,64.64,64.14999,64.27,2756600
2007-07-02,64.50999,65.23,64.50999,65.02,2707000
2007-07-03,65.06,65.06,64.58,64.74001,1835500
2007-07-05,64.99001,65,63.92,64.42,4333199
2007-07-06,64.17999,64.97,63.88,64.96001,8080699
2007-07-09,65,65.67999,64.99001,65.38,5280801
2007-07-10,65.7,65.86,65.36,65.61,4016200
2007-07-11,65.82001,65.82001,65.34,65.44,3647400
2007-07-12,65.89,66.28999,65.45,66.02,5870602
2007-07-13,66.08,66.23,65.67,66.03,3817800
2007-07-16,66.19,66.19,65.67,65.82001,4579602
2007-07-17,65.66,66.08,65.64999,65.75,1878600
2007-07-18,66.11,66.8,65.89999,66.62,5239102
2007-07-19,66.7,67.12,66.61,67.00999,4611801
2007-07-20,67.13,68,67.12,67.58,5409199
2007-07-23,67.8,67.8,67.31,67.47,3893400
2007-07-24,67.72,68,67.3,67.47,3763000
2007-07-25,67.19,67.22,66.35001,66.89999,7530602
2007-07-26,66.46001,66.8,64.73,65.64999,10704102
2007-07-27,65.28,65.61,64.97,65.41,5341898
2007-07-30,65.37,65.92,65.07001,65.77,3046900
2007-07-31,66.17999,66.39,65.12,65.78999,4006500
2007-08-01,65.5,66.06,65.38,65.92999,6364398
2007-08-02,65.96001,66.00999,65.55,65.89,5331500
2007-08-03,65.85001,66.92,65.85001,66.69,10736000
2007-08-06,66.66,66.67,66.21001,66.52,2973200
2007-08-07,66.09,66.58,65.91,66.48,4147301
2007-08-08,66.73,67.53999,66.17999,66.77,4252102
2007-08-09,65.95,65.95,65.24001,65.46001,9407602
2007-08-10,65.44,66.96001,65.44,66.57001,8831801
2007-08-13,66.45,66.52,66.17999,66.25999,3644000
2007-08-14,66.25,66.5,65.95,66.28999,4748898
2007-08-15,65.78,66.42999,65.57001,66.13,5886500
2007-08-16,65.49001,65.81,63.47,64.67999,18367504
2007-08-17,64.56,65.73,64.56,65.00999,6374301
2007-08-20,65.06,65.39999,64.78,65.12,4475199
2007-08-21,65.17999,65.3,64.73,65.07001,4478602
2007-08-22,65.22,65.53,65.17,65.39999,4251102
2007-08-23,65.64,65.8,65.13,65.31,3027400
2007-08-24,65.42,66.21001,65.31441,66.11,3648300
2007-08-27,66.00999,66.05,65.86,65.98,1865700
2007-08-28,65.95,66.10001,65.48,65.59,3473100
2007-08-29,65.89,66.2,65.73,66.07001,4469801
2007-08-30,65.87,66.10001,65.63,65.8,3027700
2007-08-31,66.61,66.77,66.46001,66.52,4089900
2007-09-04,66.74001,67.66,66.59,67.44,6640301
2007-09-05,67.35001,67.62,67.17999,67.56,6268301
2007-09-06,67.92,69.08,67.89,68.86,15881301
2007-09-07,69.25999,70,69,69.39,14960000
2007-09-10,69.96001,69.96001,68.73,69.62,7598602
2007-09-11,69.86,70.7,69.52,70.52,11182398
2007-09-12,70.5,70.63,69.83,70.46001,8036500
2007-09-13,70.07001,70.26221,69.61,70.08,4612398
2007-09-14,69.89999,70.97,69.86,69.99001,7733199
2007-09-17,70.39999,71.24001,70.35001,70.97,7457801
2007-09-18,71.2,72,70.39999,71.7,14260301
2007-09-19,71.74001,71.8,71.25,71.42999,10938102
2007-09-20,72.14999,73.10001,71.95,72.72,11945898
2007-09-21,72.64999,73,71.47,72.34,9937398
2007-09-24,72.57001,72.63,71.82001,72.28,6475602
2007-09-25,71.82001,72.59,71.64,72.33,5503500
2007-09-26,72.25,72.92999,71.85001,72,9418301
2007-09-27,72.64999,72.8,72.17,72.7,5728301
2007-09-28,73.19,73.8,72.74001,73.50999,8837602
2007-10-01,73.49001,73.98,73.28999,73.89999,4823898
2007-10-02,72.45,72.67999,71.63,72.35001,10720000
2007-10-03,72.25,72.64999,71.35001,71.89999,8187699
2007-10-04,71.8,73.06,71.24001,72.87,9178500
2007-10-05,72.8,73.64,71.88,73.39999,10597699
2007-10-08,72.66,72.89,72.28,72.53,3447600
2007-10-09,72.28999,73.3,71.98,73.09,7416398
2007-10-10,73.60001,73.82001,72.63,73.36,4615898
2007-10-11,73.98,74.59,73.28,73.91,10291398
2007-10-12,73.92999,74.59,73.75,74.59,3604200
2007-10-15,74.99001,75.2,74.49001,75.14,6705500
2007-10-16,74.87,75.45,73.78,75.12,6622898
2007-10-17,75.31,75.66,74.31,74.5,9355398
2007-10-18,75.38,76,75.33,76,5647000
2007-10-19,76.09,76.28999,74.50999,75.7,9509500
2007-10-22,74.09,74.7701,73.84,74.60001,8636500
2007-10-23,75.11,75.25999,74.63,75.23,3097100
2007-10-24,74.84,75.59,74.78999,75.52,5660801
2007-10-25,75.94,76.62,75.06,76.03,6487801
2007-10-26,76.87,77.7395,76.67,77.69,8544199
2007-10-29,78.27,78.32001,77.64999,78.12,6881102
2007-10-30,77.66,77.66,77.00999,77.35001,5608898
2007-10-31,77.78,78.95,76.89,78.62,8873398
2007-11-01,78.39999,78.89999,77.5,77.92999,7545500
2007-11-02,78.55,79.89999,77.48,79.83,9911602
2007-11-05,79.67999,80.24001,79.11,79.75,5025699
2007-11-06,81.03,81.52,80.7,81.42999,7694426
2007-11-07,83.21001,83.24001,81.33,82.24001,16515500
2007-11-08,82.42999,83.63,81.73,82.23,17356496
2007-11-09,81.78999,82.63,81.22,82.17999,6951898
2007-11-12,80.41,80.44,78.25,78.3,17303696
2007-11-13,79.39999,79.92999,77.86,79.12,11438301
2007-11-14,80.21001,80.67999,79.9101,80.28,5703801
2007-11-15,79.17999,79.5,77.3,77.95,10910301
2007-11-16,78.34,78.85001,77.17,77.75,8078898
2007-11-19,77.84,78,76.11,77.24001,6089500
2007-11-20,78.03,80.03999,77.3,79.47,11980102
2007-11-21,79.3,79.55,78.56,79.36,7265500
2007-11-23,80.03999,81.61,80.02,81.25,5260500
2007-11-26,82.25,82.25,81.1301,81.3,7440398
2007-11-27,80.7,80.89,79.81,80.10001,7229898
2007-11-28,79.42,79.87,78.75999,79.57001,9706898
2007-11-29,79.28,79.33,78.28,78.28,9307102
2007-11-30,78.35001,78.60001,76.98,77.32001,9509301
2007-12-03,77.39,78.3,77.3,78.28,6259102
2007-12-04,78.63,79.62,78.57001,79.39999,7721898
2007-12-05,79.25,79.25,78.19,78.63,7685301
2007-12-06,77.92,79.64999,77.8,79.37,6841602
2007-12-07,79.00999,79.60001,78.19,78.60001,8328500
2007-12-10,79.14999,80.3,79.13,80,4851000
2007-12-11,79.75,80.46001,78.67999,78.84,9580699
2007-12-12,80.05,80.92,79.94,80.49001,9704602
2007-12-13,79.59,79.62,78.3,78.5,9557500
2007-12-14,78.41,78.57001,77.82001,78.52,6827000
2007-12-17,78.13,78.78999,77.81,78.13,6496629
2007-12-18,79.59,79.59,78.82001,79.25,6758305
2007-12-19,79.23,79.57001,78.98,79.24001,5639699
2007-12-20,78.91,79.11,78.36,78.67,6345629
2007-12-21,80.16,80.32001,79.92,80.10001,4603398
2007-12-24,80.21001,80.63,80.14,80.14,2863500
2007-12-26,81.06,81.67,81,81.52,5896699
2007-12-27,81.88,82.17,81.37,81.56,5052695
2007-12-28,82.38,83.02,82.35001,83,5134996
2007-12-31,82.74001,82.83,81.98,82.46001,3816854
2008-01-02,83.56,85.14,83.44,84.86,12294320
2008-01-03,84.87,85.94,84.60001,85.57001,9554910
2008-01-04,85.34,85.55,84.42999,85.13,8402613
2008-01-07,85.24001,85.25999,84.57001,84.77,6946004
2008-01-08,86.28,87.13,86.16,86.78,9574699
2008-01-09,86.56,87.2,86.3,86.5499,10086398
2008-01-10,86.42,88.46001,86.41,88.25,12924156
2008-01-11,88.03999,88.75999,87.85001,88.58,6979047
2008-01-14,89.45,89.94,89,89.5399,10086137
2008-01-15,89.60001,90.35001,87.91,87.99001,23862192
2008-01-16,88.17,88.66,86.32001,86.7,26921712
2008-01-17,87.5,87.98,86.47,86.50011,13598102
2008-01-18,87.16499,87.46001,86.50999,87.42,9094883
2008-01-22,86.14,88.44,85.77,88.16991,20684176
2008-01-23,87.16,88.67,86.73,87.89,14286453
2008-01-24,89.72,90.25,89.13,90.08,10628047
2008-01-25,90.92999,91.08,89.5,90.3,9705320
2008-01-28,90.96001,91.89,90.75,91.75,8535148
2008-01-29,91.36,91.72,90.81,91.14999,9099488
2008-01-30,90.71001,92.58,90.45,92.0601,14378004
2008-01-31,90.92,91.66,90.74001,91.39999,7791469
2008-02-01,91.75,91.87,89.22,89.3499,19636192
2008-02-04,88.50999,89.52,88.05,89.10001,10288074
2008-02-05,87.89999,88.69,87.3,87.67999,11171684
2008-02-06,89,89.64999,88.75,88.94991,8787762
2008-02-07,88.95,89.94,88.81,89.85001,8972941
2008-02-08,90,91,89.99001,91,9128344
2008-02-11,91.03999,91.46001,90.44,91.33,6832625
2008-02-12,90.83,91.39999,89.10001,89.33,10226887
2008-02-13,88.88,89.99001,88.67,89.44,10040199
2008-02-14,89.37,90.11,89.35001,89.71001,6887367
2008-02-15,90.3,90.32001,88.63,89.14999,5586352
2008-02-19,91.23,91.94,90.98,91.58,8374313
2008-02-20,90.84,93.31,90.75,93.24001,10635980
2008-02-21,93.44,94.22,93.02,93.25,12957910
2008-02-22,93.56,93.72,92.35001,93.39,7577176
2008-02-25,93.71001,93.71001,92.11,92.74001,11955723
2008-02-26,92.42999,93.97,92.17999,93.71001,8452352
2008-02-27,94.56,94.94,93.97,94.78,9927156
2008-02-28,94.92,96.08,94.47,95.99001,11212195
2008-02-29,95.82001,96.24001,95.22,96.17999,9348504
2008-03-03,97.52,97.74001,96.6801,97.24001,11489395
2008-03-04,97.28,97.45,94.39,95.17999,21360512
2008-03-05,96.10001,98.14999,95.92999,97.72,15363410
2008-03-06,96.98,97.28999,95.25999,96.5,18548960
2008-03-07,96.60001,96.67999,95.72,96.09,10066996
2008-03-10,95,96.34,94.88,95.87,10871707
2008-03-11,96.52,96.98,95.19,95.99001,14350707
2008-03-12,96.58,97.38,96.24001,97.00999,8179895
2008-03-13,98.5,98.73,97.73,98.34,14683758
2008-03-14,98.03,99.53,98.00999,98.71001,17565008
2008-03-17,99.32001,100.44,98,99.17,26517280
2008-03-18,99.35001,99.50999,96.35001,96.5,20966048
2008-03-19,95.64999,96,92.5,93.0399,37594224
2008-03-20,90.73,91.64999,89.8,89.9128,28829952
2008-03-24,90.64999,91.50999,89.78,90.1001,14329758
2008-03-25,91.91,92.78999,91.28,92.73,15848078
2008-03-26,93.11,94,93.06,93.8,12390453
2008-03-27,93.50999,94.09,92.95,93.46001,7568035
2008-03-28,91.96001,92.45,91.11,91.88,8786535
2008-03-31,92.56,92.64999,89.96001,90.41,11166043
2008-04-01,87.86,88.31,86.05,86.85989,23677248
2008-04-02,87.28,89.75999,87.22,89.27,13547176
2008-04-03,88.59,89.75,87.64,89.42,9326215
2008-04-04,89.48,90.34,89.31,90.25,7228227
2008-04-07,90.73,91.75,90.60001,91.17,8197883
2008-04-08,90.03999,90.49001,89.72,90.35001,5773918
2008-04-09,90.3,92.37,90.24001,92.28999,10581496
2008-04-10,92.32001,92.56,90.97,91.77,7759469
2008-04-11,91.41,91.83,90.55,91.3,6549113
2008-04-14,91.32001,91.98,91.06,91.11,4705410
2008-04-15,91.73,91.91,91.38,91.66,6636656
2008-04-16,93.19,93.71001,93.00999,93.27,8472039
2008-04-17,93.31,93.50999,92.48,92.56,6876348
2008-04-18,89.72,90.7,88.96001,90.62,11391801
2008-04-21,90.78999,90.8699,89.89,90.25,11927477
2008-04-22,90.42,91.35001,90.12,90.27,14046367
2008-04-23,89,89.55,88.44,89.22,18170448
2008-04-24,88.25999,89.91,87.10001,87.22,22849920
2008-04-25,88.33,88.42,87.19,87.27,11182527
2008-04-28,87.88,88.39999,87.67,87.69,8079184
2008-04-29,86.73,86.89999,85.53999,85.81,14688953
2008-04-30,86.10001,86.78999,85.11,86.64999,17701424
2008-05-01,84.50999,84.56,83.57001,83.99001,17669120
2008-05-02,83.96001,84.78999,83.96001,84.58,8745387
2008-05-05,85.67999,86.28999,85.2899,86.27,7390738
2008-05-06,86.33,87.14999,86.33,86.63,10765492
2008-05-07,85.47,86.10001,85.2,85.82001,7219266
2008-05-08,86.75999,87.39999,86.42,87.24001,8630188
2008-05-09,87.37,87.59,85.84,87.42,9927613
2008-05-12,86.92,87.64,86.78999,86.99001,5013398
2008-05-13,85.12,86.14,84.92,85.39011,7368137
2008-05-14,85.73,85.81,85.10001,85.2,8653797
2008-05-15,87.13,87.60001,86.23,87,9437949
2008-05-16,88.52,89.3,88.02,89.1001,12075629
2008-05-19,89.57001,89.69991,88.869,89.39,5932141
2008-05-20,89.61,91.17,89.56,90.89999,10685508
2008-05-21,90.61,92.11,90.61,91.96001,11350289
2008-05-22,91.2,91.63,90.5,90.98,8865043
2008-05-23,91.33,92,90.96001,91.23,6062449
2008-05-27,89.84,89.87,89.161,89.36,7606223
2008-05-28,88.49001,89.19,88.35001,89.14,8104855
2008-05-29,86.94,87.60001,86.10001,86.50999,12700918
2008-05-30,87.34,87.69,86.96001,87.45,4944418
2008-06-02,87.47,88.55,87.44,87.96001,5279523
2008-06-03,86.64999,87.35001,86.52,86.88,8397512
2008-06-04,87.09,87.41499,86.56,86.64999,7158441
2008-06-05,85.97,86.81,85.66,86.45,14132602
2008-06-06,87.78999,89.06,87.69,89.06,17433072
2008-06-09,88.53999,89.24001,87.84,87.987,9172129
2008-06-10,86.28,86.75999,85.11,85.55,13911008
2008-06-11,86.57001,87.10001,86.35001,87.02,10156254
2008-06-12,85.19,86.07001,84.83,85.60001,9828328
2008-06-13,85.33,86.02,85.03999,85.83,8429039
2008-06-16,88.2,88.2,86.97,87.00999,6996051
2008-06-17,86.72,87.52,86.7,87.25,5286859
2008-06-18,87.66,88.41,87.13,88.28,7822301
2008-06-19,89.37,89.5,88.39,88.42,10525871
2008-06-20,88.82001,89.61,88.77,88.95,10058797
2008-06-23,87.00999,87.39999,86.74001,87.09,12784652
2008-06-24,87.3,88.24001,87.24001,87.47,7398488
2008-06-25,87.42999,87.58,86.13,87.42,10900746
2008-06-26,89.5,90.86,89.5,90.61,18411952
2008-06-27,90.98,91.82001,90.64999,91.47,14491387
2008-06-30,91.89,91.89999,90.53,91.39999,7289906
2008-07-01,92.53,93.35001,92.34,92.66,15480980
2008-07-02,92.28,93.33,92.13,93.17,11484020
2008-07-03,92.17,92.67999,91.67999,92.06,9611727
2008-07-07,90.57001,91.64999,90.16,91.23,12301535
2008-07-08,90.55,91.14999,89.92999,90.86,11216254
2008-07-09,90.88,91.64,90.86,91.5,11373734
2008-07-10,92.39999,93.60001,92.35001,93.53,16825680
2008-07-11,95.03,95.5,94.2552,95.16,26000032
2008-07-14,95.09,96.2,94.92,95.91,21248832
2008-07-15,96.55,97.5,95.42999,96.17,30352784
2008-07-16,96.27,96.5,94.34,94.44,19898896
2008-07-17,94.7,96.50999,94.07001,94.22,25188624
2008-07-18,94.22,94.92999,94.02,94.17,8585020
2008-07-21,94.75,95.14999,94.45,95.12,7327262
2008-07-22,95.73,95.86,92.94,93.06,17553984
2008-07-23,92.64,92.78999,90.44,90.57001,25793744
2008-07-24,91.08,91.62,90.25,91.33,13072191
2008-07-25,91.03,91.73,90.53,91.69,7600754
2008-07-28,91.39,92,90.94,91.73,8810000
2008-07-29,91.23,91.27,90.09,90.59,12993301
2008-07-30,88.86,89.72,88.08,89.52,17379840
2008-07-31,91.05,91.14,89.87,90.08,10976383
2008-08-01,89.5,90.45,89.37,89.57001,10893598
2008-08-04,89.08,89.67999,88.03999,88.14,14981168
2008-08-05,87.28,87.41,85.94,86.08,20187776
2008-08-06,86.8,87,86.00999,86.64,12404766
2008-08-07,86.64,86.78,85.50999,86.09,9962227
2008-08-08,84.35001,84.67999,83.83,84.42999,13514078
2008-08-11,84.46001,84.49001,80.60001,81.13,23566976
2008-08-12,80.74001,81.00999,79.55,80.52,20131712
2008-08-13,80.59,81.85001,80.39,81.56,17018160
2008-08-14,80.71001,81.09959,79.28,79.35001,15542563
2008-08-15,78,78.32001,76.61,77.63,29755872
2008-08-18,78.53,79.17,77.81,78.8,14071816
2008-08-19,77.92,80.52,77.7,80.433,16760535
2008-08-20,80.14999,80.66,78.81,80.06,14719992
2008-08-21,82.00999,84.53999,81.75,82.3,17031008
2008-08-22,81.49001,81.96001,80.94,81.08,7854633
2008-08-25,81.10001,81.34,80.56,80.92999,6515172
2008-08-26,80.61,81.85001,80.60001,81.23,8579453
2008-08-27,81.89,82.05,81,81.36,7099027
2008-08-28,83.06,83.13,81.27,82.17999,9353961
2008-08-29,82.31,82.47,81.58,81.71001,5125289
2008-09-02,78.16,79.78999,77.98,79.2,12681656
2008-09-03,79.19,79.69,78.34,78.89,10712508
2008-09-04,79.7,79.77699,78.14,78.39,10875156
2008-09-05,80.08,80.27,78.17,78.98,10742406
2008-09-08,80.10001,80.35001,78.47,78.86,10024117
2008-09-09,77.39,77.82001,76.24001,76.49001,20197424
2008-09-10,76.88,76.9272,74.10001,74.22,29373056
2008-09-11,73.61,73.92999,72.50999,73.08,23776912
2008-09-12,74.25999,75.58,73.48,75.55,17596928
2008-09-15,76.64,77.73,76,77.56,17004048
2008-09-16,76.69,77.28999,76.3,76.78999,17192096
2008-09-17,77.11,85.60001,77.09,85.46001,65774688
2008-09-18,85.49001,90.78,81.89999,82.8,60589120
2008-09-19,85.58,86.44,84,85.98,25537888
2008-09-22,86.85001,89.53999,86.81,89.17999,35324320
2008-09-23,88.87,89.10001,86.72,88.32001,22364080
2008-09-24,88.67999,88.75999,86.7,86.71001,17251584
2008-09-25,87.12,87.8,85.00999,86.45,20691920
2008-09-26,87.03,90.17,86.59,86.64,21985024
2008-09-29,87.06,92,86.97,89.57001,40569648
2008-09-30,87.31,87.36,84.21001,85.07001,20441632
2008-10-01,86.23,88.05,85.17999,85.97,16789424
2008-10-02,84.56,84.66,81.62,82.33,22653824
2008-10-03,81.23,83.44,81.05,82.59,24057024
2008-10-06,85.84,86.45,84.25,84.28,21677968
2008-10-07,87.17999,87.7,85.53,87.27,20292544
2008-10-08,90.69,90.83971,88.05,89.42,31206864
2008-10-09,87.28999,90.58,86.53999,89.89999,20014240
2008-10-10,89.59,90.72,81.38,83.22,45074976
2008-10-13,83.61,83.89999,80.92,81.99001,17034512
2008-10-14,82.39999,83.31,81.61,82.2,12385574
2008-10-15,82.2,84.39,82.08,83.31,16907744
2008-10-16,82.39999,82.5,77.22,79.28999,30645984
2008-10-17,77.12,80.78,75,77.21001,15338398
2008-10-20,77.77,78.56,77.27,78.5,9332855
2008-10-21,75.89999,76.94,74.89,76.02699,10861160
2008-10-22,74.44,74.45,66,71.71001,23288256
2008-10-23,69.64,72.19,69.5,70.64999,16655887
2008-10-24,69.3,73.92999,69.07001,72.21001,22474320
2008-10-27,71.13,73.61,70.72,72.17999,12160063
2008-10-28,73.03,73.8,71.7,73.78999,8474590
2008-10-29,75.05,76.36,73.61,74,16124449
2008-10-30,74.89,75.25,72.13,72.71001,10897211
2008-10-31,72.62,72.87,70.60001,71.34,9519313
2008-11-03,71.55,72.17,71.06,71.10001,6807008
2008-11-04,73.14999,75.69,72.85001,75.47861,11444371
2008-11-05,74.32001,75.17999,72.38,72.8,10319594
2008-11-06,74.36,74.98,71.67,72.22,10699285
2008-11-07,72.59,73.09,72.05,72.5,6052766
2008-11-10,74.8,74.92,72.96001,73.58,6096605
2008-11-11,72.56,72.66,71.55,72.05,8355668
2008-11-12,71.45,71.89,69.77,70,10038715
2008-11-13,70.49001,72.36,68.81,72.14999,16832080
2008-11-14,73.39,74.25999,72.75999,73.3,12810602
2008-11-17,72.42999,73.8,72.14999,72.64999,7711980
2008-11-18,72.38,73.46001,72.13,72.50999,8147238
2008-11-19,73.42,75.19,72,72.25999,13974148
2008-11-20,73.14999,74.2,72.42999,73.45,13589656
2008-11-21,76,79,75.45,78.85001,30468848
2008-11-24,80.45,81.72,80.38,80.91,19899888
2008-11-25,81.34,81.38,79.28,80.87,17525168
2008-11-26,80.52,80.76781,79.3333,80.38,9142379
2008-11-28,80.03999,80.75,79.8,80.31,3665757
2008-12-01,77.14999,77.34,75.57001,75.64999,13149773
2008-12-02,76.89999,77.32001,76.25999,76.95,6950559
2008-12-03,76,77.14,75.14,76.17999,10693105
2008-12-04,75.59,77.63,75.07001,75.5,11830660
2008-12-05,74.3,74.81,72.91,74.52,13392434
2008-12-08,76.48,76.62,75.39999,76.19501,7275059
2008-12-09,75.56,76.85001,75.3,76.33,9618461
2008-12-10,79.2,80.10989,78.56,79.75,16055926
2008-12-11,81.58,81.94,80.49001,80.64999,13997441
2008-12-12,80.55,81.63,80.005,80.81,12539414
2008-12-15,81.33,83.03,81.23,82.60001,15013398
2008-12-16,82.38,84.64,81.92999,84.46001,18689232
2008-12-17,85.25999,86.91,84.8026,85.42999,22162896
2008-12-18,84.85001,85.12,83.46001,83.87,17256992
2008-12-19,82.64999,82.87,82.00999,82.63,9139660
2008-12-22,83.57001,83.81,82.78999,83.46001,6695824
2008-12-23,82.92999,83.39,81.59,82.63,6323094
2008-12-24,82.47,83.57001,82.47,83.46001,2072137
2008-12-26,83.52,85.97,83.12,85.60001,5083078
2008-12-29,86.5,87,85.95,86.35001,9091324
2008-12-30,85.94,86.14999,85.28,85.89999,7123559
2008-12-31,84.98,87.10001,84.28,86.52,7849387
2009-01-02,85.92999,86.60719,85.84,86.23,6413691
2009-01-05,83.62,84.67999,83.24001,84.48,9583285
2009-01-06,83.37,85.7,83,85.13,12880047
2009-01-07,84.56,84.58,82.21001,82.75,13370352
2009-01-08,84.39999,84.89,83.75,84.46001,10720602
2009-01-09,83.34,85.5,83.09,83.92,8863031
2009-01-12,81.72,82.03999,80.25999,80.75999,14761523
2009-01-13,80.94,81.82001,80.6216,80.88,10021879
2009-01-14,80.57001,81.09,79.36,79.78999,15609801
2009-01-15,79.97,80.7,78.87,80.39,16717422
2009-01-16,82.2,83,81.74001,82.71001,16470516
2009-01-20,84.17,85.285,83.57001,84.52,16754293
2009-01-21,84.05,84.39,82.98,84.14999,12280184
2009-01-22,84.03,84.97,83.83,84.58,18572784
2009-01-23,86.57001,88.94,86.07001,88.53,34013648
2009-01-26,89.22,90.19,88.67999,88.95,19135568
2009-01-27,88.39999,88.84399,88.00999,88.38,11883344
2009-01-28,88.27,88.38,86.84,87.41499,18459216
2009-01-29,86.67999,89.55,86.28,89.5,21193280
2009-01-30,90.7,91.49001,89.64999,91.31,21282256
2009-02-02,89.88,92.5786,88.62,88.84,16998880
2009-02-03,89.34,89.73,86,88.47,17578944
2009-02-04,88.89,89.5,88.52,89.17999,14271020
2009-02-05,90.75,90.82001,89.3,90.12,17196256
2009-02-06,89.14999,90.14,89.14999,89.59,12554398
2009-02-09,88.35001,88.64999,87.60001,88.32001,21273952
2009-02-10,89.66,90.37,89.17999,90.21001,25448320
2009-02-11,90.92999,93.25,90.8,92.28999,55638272
2009-02-12,93.03999,93.74001,92.52,93.17,38786736
2009-02-13,92.5,92.77,91.69,92.55,14717063
2009-02-17,95.23,95.85001,94.89,95.45,27085168
2009-02-18,95.23,97.14999,94.67,96.91,29346224
2009-02-19,95.91,96.57001,95.425,95.77,21305392
2009-02-20,98,98.99001,97.14,97.8,43862528
2009-02-23,96.59,98.22,95.89,97.73,24542640
2009-02-24,97.59,97.59,94.27,94.73,37461104
2009-02-25,94.73,96.41,92.81,93.14999,26142944
2009-02-26,92.71001,93.14,91.57001,93.05701,28789744
2009-02-27,94.31,94.53,91.03,92.63,30592624
2009-03-02,93.39999,93.61,90.62,90.92999,24270960
2009-03-03,90.85001,91.03999,88.94,90.03999,28082896
2009-03-04,90.25,90.35001,88.45,88.99001,19875024
2009-03-05,89.92,92.17,89.23,91.987,23995488
2009-03-06,91.81,92.95,91.2,92.28999,22396528
2009-03-09,92.28999,92.33,89.57001,90.57001,18311408
2009-03-10,89.53999,89.61,87.4733,88.14,25931520
2009-03-11,88.49001,89.83,87.78,89.22,16692059
2009-03-12,90.37,91.57001,90.14,91.10001,20138736
2009-03-13,91.87,91.89,90.5,91.3,11693828
2009-03-16,90.28999,90.96001,90.03,90.8,11787695
2009-03-17,90.25999,90.59,89.75,90.03999,10054910
2009-03-18,88.75,93.39,86.83,93.09,59505248
2009-03-19,93.41,94.77,92.91,94.35001,35036896
2009-03-20,93.48,94.37,93.12621,93.59,18078016
2009-03-23,93.44,93.91,91.95,92.08,17660176
2009-03-24,90.75999,91.66,90.25,90.95,17004288
2009-03-25,90.87,92.63,90.34,91.98,24799968
2009-03-26,92.72,92.72,91.84,91.92999,12370254
2009-03-27,90.83,91.25999,90.41,90.69,11624363
2009-03-30,89.97,91.81,89.75,89.98,16430152
2009-03-31,90.38,90.85001,89.58,90.28,14401387
2009-04-01,91.34,91.38,90.21001,91.03,12302938
2009-04-02,88.75,89.36,87.92,88.8,24828992
2009-04-03,88.96001,89.44,87.52,87.59,16346445
2009-04-06,86.39999,86.44,84.97,85.27,22909568
2009-04-07,86.27,88.25999,86.17,86.74001,11011547
2009-04-08,87.17999,87.52,86.26401,86.61,12230160
2009-04-09,86.33,86.88,86.10001,86.31,9608703
2009-04-13,88.03,88.45,87.60001,87.88,7283688
2009-04-14,87.78,87.81,87.03999,87.37,7167359
2009-04-15,87.42,87.94,87.23,87.5,6857492
2009-04-16,87.38,87.4518,85.67999,85.81,21033584
2009-04-17,85.75,86.37,84.92,85.22,22332848
2009-04-20,86.03,87.34,86,86.95,12674387
2009-04-21,87.85001,87.884,86.33,86.89,10656668
2009-04-22,87.03,87.82001,86.8,87.38,10085816
2009-04-23,87.71001,89.37,87.6236,88.8,16623379
2009-04-24,89.10001,89.84,88.83,89.72,11425820
2009-04-27,89.33,89.78999,88.94,89.00999,7156910
2009-04-28,87.33,87.95,87.11,87.75,8571500
2009-04-29,88.31,88.78,87.67,88.33,8098254
2009-04-30,86.83,87.78,86.54089,87.27,9716555
2009-05-01,86.75,87.49001,86.692,86.95,6122461
2009-05-04,87.55,89.17999,87.55,88.64011,10816637
2009-05-05,89.71001,89.73,87.88,88.25,9956426
2009-05-06,89.46001,89.69,88.84,89.53999,11337551
2009-05-07,90.13,90.3,89.24001,89.44,14808891
2009-05-08,89.71001,90.09,88.91,89.98,10940586
2009-05-11,89.64,90.00999,89.5,89.69,12212066
2009-05-12,90.39999,90.84,89.95,90.7,15764895
2009-05-13,90.44,91.5,90.31,91.09,17445856
2009-05-14,90.89999,91.25999,90.7,91.03,8025676
2009-05-15,91.14999,91.81,91.10001,91.55,11707305
2009-05-18,91.53,91.57001,90.14,90.36,17353824
2009-05-19,90.64,91.35001,90.57001,90.96001,9631578
2009-05-20,91.53999,92.44,91.52,92.25,18298352
2009-05-21,92.35001,93.86,91.92999,93.85001,21830160
2009-05-22,94.25,94.42,93.8,94.14999,15408555
2009-05-26,92.95,93.84,92.85001,93.75999,12360109
2009-05-27,93.73,94.28,93.10001,93.45,13708406
2009-05-28,94.14,94.83,93.8,94.24001,14973223
2009-05-29,95.7,96.35001,95.58,96.2,18139776
2009-06-01,96.47,96.75999,95.63,95.73,17923776
2009-06-02,96.19,96.96989,96.10001,96.36,14536031
2009-06-03,95.89999,96.21001,94.31,94.41,18208144
2009-06-04,95.24001,96.49001,95.2,96.23,13635203
2009-06-05,94.24001,94.78799,93.57001,93.71001,18601248
2009-06-08,93.25999,93.7,92.58,93.56,11557477
2009-06-09,94.27,94.39,93.44,93.83,9481703
2009-06-10,94.5,94.53,92.89999,93.86,14445102
2009-06-11,93.13,94.53,93,93.7,14778781
2009-06-12,92.41,92.75999,92,92.17,13810957
2009-06-15,91.89999,91.89999,90.89999,91.10001,13121699
2009-06-16,91.87,92.12,91.35001,91.92999,9841434
2009-06-17,91.61,92.39,90.14571,92.35001,12130008
2009-06-18,92.24001,92.5,91.3,91.61,16244430
2009-06-19,91.81,92.23,91.58,91.89999,11812320
2009-06-22,90.41,90.64,90.13,90.53999,12957164
2009-06-23,90.66,91.03,89.95,90.92,11965777
2009-06-24,92.09,92.33,91.03999,91.45,12115727
2009-06-25,92.12,92.33,91.72,92.31,11446875
2009-06-26,92.81,92.92999,91.92999,92.28999,10418844
2009-06-29,92.32001,92.39999,91.71001,92.03999,6529176
2009-06-30,91.85001,91.96001,90.53,91.17999,24194976
2009-07-01,92.31,93,92,92.39,10744129
2009-07-02,91.47,91.58,91.08,91.25,7365848
2009-07-06,90.48,90.92999,90.36,90.75999,6287480
2009-07-07,90.89,91.38,90.5,90.71001,7691172
2009-07-08,90.11,97.8,88.82001,89.27,21958176
2009-07-09,89.63,90.2599,89.33,89.50999,13688945
2009-07-10,89.3,89.77,89.1601,89.58,5040633
2009-07-13,89.45,90.69,89.10001,90.19,8811711
2009-07-14,90.86,91.11,90.59,90.81,5722457
2009-07-15,92.17,92.52,92.03,92.24001,9863797
2009-07-16,92,92.12,91.55,91.98,4605453
2009-07-17,92.14999,92.3,91.84,91.92999,8748953
2009-07-20,93.61,93.8,92.91,93.28,13175207
2009-07-21,93.52,93.53,92.69,93.13,9348941
2009-07-22,92.82001,93.82001,92.73,93.44,10243730
2009-07-23,93.2,94.005,93.11,93.25999,9764992
2009-07-24,93.48,93.71001,93.33,93.41,4734320
2009-07-27,93.89999,93.95,93.36,93.71001,5172012
2009-07-28,92.74001,92.82001,91.64999,92.11,10887930
2009-07-29,91.67,91.75,90.81,91.2,9677395
2009-07-30,91.55,92,91.44,91.62,6248020
2009-07-31,91.86,94.03,91.83,93.35001,14389816
2009-08-03,94.14,94.49001,93.64999,93.87,10016973
2009-08-04,94.17999,95.25,93.99001,94.67999,11550215
2009-08-05,94.88,95.05,94.00999,94.78,8987566
2009-08-06,95.00999,95.19,93.75999,94.60001,13660953
2009-08-07,94.32001,94.64,93.60001,93.75,8042699
2009-08-10,92.91,93.14,92.60001,92.927,6420801
2009-08-11,92.67999,92.97,92.41,92.78999,5030715
2009-08-12,92.60001,93.49001,92.47,92.95,7911125
2009-08-13,93.85001,94.05,93.45,93.72,6757973
2009-08-14,93.84,93.91,92.39999,93,6189477
2009-08-17,91.49001,91.85741,91.28,91.61,6833184
2009-08-18,91.81,92.2,91.7601,92.06,4362418
2009-08-19,91.67999,92.78,91.66,92.532,7119770
2009-08-20,92.31,92.55,92.12,92.27,3973181
2009-08-21,93.63,93.8,93.39999,93.64999,7287203
2009-08-24,93.64,93.7,91.64,92.34,8547902
2009-08-25,93.39999,93.46001,92.48801,92.75999,8284254
2009-08-26,92.67,92.85001,92.21001,92.78999,5226918
2009-08-27,92.8,93.31,92.379,93.19,6876398
2009-08-28,94.07001,94.14999,93.63,93.87,6759492
2009-08-31,93.14,93.5,92.92,93.39999,4957430
2009-09-01,93.41,93.96001,93.06,93.89999,8002379
2009-09-02,94.7,96.25999,94.57001,96.19,27673616
2009-09-03,96.52,97.94,96.2,97.46001,26443584
2009-09-04,97.14,97.83,96,97.52901,14913855
2009-09-08,98.57001,98.64,97.39,97.42999,22989936
2009-09-09,97.98,98.36,96.85001,97.08,20439856
2009-09-10,97.03,98.03,96.88,97.7,12256434
2009-09-11,98.96001,99.33,98.27,98.78,19502928
2009-09-14,98.16,98.4326,97.73,97.96001,9639145
2009-09-15,97.75,99.10001,97.56,98.89999,16253797
2009-09-16,100.00999,100.02,99.5,99.91,16588191
2009-09-17,99.66,100.08,99.03999,99.34,12493516
2009-09-18,99.73,99.87,98.67,98.67,13941668
2009-09-21,97.95,98.62,97.73,98.36,11121387
2009-09-22,99.84,99.84,99.37,99.67,10887238
2009-09-23,99.16,99.89,98.67999,98.83,14735512
2009-09-24,99.36,99.44,97.14,97.55,23350144
2009-09-25,97.07001,97.5,96.77,97,10729059
2009-09-28,97.21001,97.81,97,97.05,7794539
2009-09-29,97.19,97.73,96.95,97.42999,9262402
2009-09-30,98.31,99.06,97.56,98.85001,18672624
2009-10-01,98.84,98.86,97.88,97.89,11049336
2009-10-02,97.84,98.86,97.74001,98.37,10477793
2009-10-05,98.48,99.84,98.36,99.82001,11709305
2009-10-06,101.33,102.42,100.5425,102.28,33537456
2009-10-07,102.28999,102.52,101.83,102.36099,16194156
2009-10-08,102.62,104.1501,102.3,103.64,24250112
2009-10-09,103.06,103.25,102.37,102.84,15182285
2009-10-12,103.39,103.91499,103.22501,103.56,9178961
2009-10-13,103.7,104.5,103.46001,104.25999,17358784
2009-10-14,104.28999,104.7,103.75999,104.17999,17871088
2009-10-15,103.27,103.95,102.60001,102.86,15786465
2009-10-16,102.7,103.67999,102.53,103.17999,14321289
2009-10-19,103.16,104.25999,102.75,104.23,13936590
2009-10-20,104.34,104.35001,102.7925,103.42,18252672
2009-10-21,103.38,104.46001,103.24001,103.745,16011621
2009-10-22,103.46001,104.09,103.10001,103.92,11583551
2009-10-23,104.5,104.58,102.96001,103.49001,11423723
2009-10-26,103.41,103.97,101.74001,101.86,21527248
2009-10-27,101.89,102.0598,101.22,101.85001,18420544
2009-10-28,101.5,102.03,100.64999,100.73,19351056
2009-10-29,101.72,102.75999,101.5,102.688,15328242
2009-10-30,102.33,102.66,101.48,102.53,15246449
2009-11-02,103.5,104.25,103.25,103.95,15466422
2009-11-03,103.74001,106.7,103.72,106.46001,33610384
2009-11-04,107.11,107.67999,106.42999,107.10001,27197456
2009-11-05,106.81,107.2,106.60001,106.98,10197020
2009-11-06,107.38,108.03999,107.06,107.42999,14789090
2009-11-09,108.69,108.75,107.91,108.19,18452768
2009-11-10,108.03,108.78,107.7,108.39,15980473
2009-11-11,109.49001,109.71001,109,109.60001,17670720
2009-11-12,109.16,109.56,108.12,108.21001,17859808
2009-11-13,108.32001,109.8,108.14,109.74001,17252016
2009-11-16,110.7,112.16,110.64999,111.63,25017040
2009-11-17,111.09,111.99001,110.89999,111.97,19831104
2009-11-18,112.69,113.09,111.8,112.25,22336896
2009-11-19,111.85001,112.39999,110.75999,112.3,21249840
2009-11-20,111.74001,112.94,111.53999,112.94,17310000
2009-11-23,114.67,115.1199,113.99001,114.28999,24457696
2009-11-24,114.73,114.81,113.97,114.73,22618000
2009-11-25,115.69,116.88,115.53,116.62,24569840
2009-11-27,113.08,115.81,113.02,115.06,21234384
2009-11-30,114.48,115.89,114.27,115.64,16420957
2009-12-01,117.3,117.92999,116.78,117.38,27721264
2009-12-02,118.8,119.27,118.3,119.17999,31109280
2009-12-03,118.57001,119.53999,118.03,118.7,28863968
2009-12-04,117.14999,117.25999,112.41,113.75301,79189808
2009-12-07,111.50999,114.22,111.44,113.11,42538640
2009-12-08,112.75999,113.06,110.21001,110.95,37654944
2009-12-09,111.60001,112.48,109.38,110.84,37125840
2009-12-10,110.66,111.03,110.03999,110.82001,20531776
2009-12-11,110.60001,110.82001,108.71741,109.32001,28986048
2009-12-14,110.00999,110.7,109.5,110.24001,16339031
2009-12-15,109.94,110.57001,109.39,110.21001,20059456
2009-12-16,110.83,111.91,110.63,111.59,22850224
2009-12-17,109.47,109.98,107.28,107.34,35016720
2009-12-18,108,109.5,107.03999,108.95,25594096
2009-12-21,109.17,109.3,106.82001,106.95,23337504
2009-12-22,106.78999,107.09,105.312,106.17,28702864
2009-12-23,106.64999,107.45,106.3,106.55,16941824
2009-12-24,107.89999,108.37,107.77,108.36,7991563
2009-12-28,108.64,108.78,107.91,108.55,9637449
2009-12-29,108.5,108.5,107.45,107.47,11043676
2009-12-30,106.64,107.44,106.39999,106.92999,9405086
2009-12-31,107.98,108.11,107.24001,107.31,9125461
2010-01-04,109.82001,110.14,109.31,109.8,16224043
2010-01-05,109.88,110.39,109.25999,109.7,14213051
2010-01-06,110.71001,111.77,110.4086,111.50999,24990480
2010-01-07,111.07001,111.28999,110.62,110.82001,13609730
2010-01-08,111.52,111.58,110.25999,111.37,15896297
2010-01-11,113.34,113.59,112.52,112.85001,17252992
2010-01-12,112.38,113.05,110.14,110.49001,29182544
2010-01-13,110.92,111.57001,109.57001,111.53999,20013968
2010-01-14,111.50999,112.37,110.78999,112.03,18316944
2010-01-15,111.35001,112.00999,110.38,110.86,18008048
2010-01-19,110.95,111.75,110.83,111.52,10474426
2010-01-20,109.97,110.05,108.46001,108.94,17539024
2010-01-21,108.48,108.78,106.61,107.37,25753632
2010-01-22,106.92999,107.67999,106.00999,107.17,24213568
2010-01-25,107.44,107.72,107.07001,107.48,13200461
2010-01-26,106.87,107.99001,106.75,107.56,12297082
2010-01-27,107.53,108.8,106.16,106.528,19005024
2010-01-28,107.17999,107.23,105.17999,106.48,16800448
2010-01-29,105.88,106.3,105.27,105.96001,20278960
2010-02-01,106.64,108.48,106.37,108.35001,14901855
2010-02-02,109.16,109.60001,108.61,109.13,14328266
2010-02-03,109.10001,109.53999,108.4305,108.7,13393184
2010-02-04,106.78999,106.8,103.75,104.37,39991888
2010-02-05,103.75999,104.67999,102.28,104.67999,32660000
2010-02-08,104.41,105.14,104,104.03999,17182688
2010-02-09,105.17999,106.14999,104.87,105.41,25969136
2010-02-10,105.13,105.5,104.11,105.12,16280930
2010-02-11,105.58,107.56,105.27,107.13,19350032
2010-02-12,106.08,107.10001,105.57001,107.03999,14464156
2010-02-16,109.45,109.87,109.10001,109.62,20904496
2010-02-17,109.66,110.00999,108.87,109.25,19593360
2010-02-18,109.61,110.11,109.19,109.98,19177328
2010-02-19,109.32001,110.39,108.81,109.47,21929984
2010-02-22,109.86,109.97,108.66,109.07001,10746801
2010-02-23,108.84,108.91,107.64999,107.89,13634059
2010-02-24,107.33,108.16,107.10001,107.36,17207328
2010-02-25,106.7,108.7,106.60001,108.31,23400304
2010-02-26,108.89,109.60001,108.41,109.42999,13036629
2010-03-01,109.48,109.89999,108.97,109.42999,12830852
2010-03-02,109.86,111.45,109.86,111.02,20106992
2010-03-03,111.46001,112.17999,111.1763,111.63,16222020
2010-03-04,111.25,111.37,110.22,110.83,12951883
2010-03-05,111.13,111.75,110.8,110.81,11091383
2010-03-08,111.22,111.3,109.52,109.88,12760305
2010-03-09,109.16,110.16,109.03999,109.718,12652902
2010-03-10,109.94,110.5,108.02,108.47,21990944
2010-03-11,108.28,108.64999,107.86,108.60001,9521555
2010-03-12,108.56,108.77,107.45,107.95,11849453
2010-03-15,108.16,108.56,107.82001,108.36,7700871
2010-03-16,110.02,110.57001,109.7,110.39999,17754512
2010-03-17,110.17999,110.46001,109.55,109.59,13784691
2010-03-18,110.10001,110.61,109.5,110.34,13853484
2010-03-19,110.25999,110.28999,107.85001,108.28,24329088
2010-03-22,107.31,108,106.95,107.75,11586676
2010-03-23,107.5,108.5,107.34,108.32001,11282996
2010-03-24,106.94,107.07001,106.24001,106.3,14240953
2010-03-25,107,107.25,106.48,106.78,16871360
2010-03-26,107.16,108.7,106.82001,108.59,17435120
2010-03-29,108.87,109.17,108.39999,108.75,11530586
2010-03-30,108.57001,108.6615,107.87,107.97,9818398
2010-03-31,109.44,109.5,108.85001,108.95,14006723
2010-04-01,109.97,110.47,109.92,110.25999,11371918
2010-04-05,110.56,110.9837,110.27,110.89,8210363
2010-04-06,110.89,111.50999,110.83,111.03,10324191
2010-04-07,111.85001,112.92999,111.77,112.49001,19145120
2010-04-08,112.47,112.98,112.13,112.64999,12448066
2010-04-09,113.09,114.07001,112.74001,113.64,16428527
2010-04-12,113.64,114.13,112.98,113.00999,11120559
2010-04-13,113.12,113.16,112.06,112.69,11261969
2010-04-14,113.23,113.66,112.78,113.03,10573840
2010-04-15,112.89999,113.71001,112.85001,113.64999,10955309
2010-04-16,112.5,113.07001,110.53999,111.24001,24575680
2010-04-19,110.8801,111.36,110.67,111.14999,7996070
2010-04-20,111.73,112.21001,111.33,111.46001,7020160
2010-04-21,111.82001,112.64,111.48,112.31,6843809
2010-04-22,111.78999,112.00999,110.75999,111.84,9605438
2010-04-23,111.25999,113.3,111.09,113.19,12506207
2010-04-26,112.88,113.2,112.63,112.75,8337738
2010-04-27,112.42999,114.82001,112.34,114.63,25057024
2010-04-28,114.03,114.99001,113.63,114.31,26899072
2010-04-29,113.85001,114.52,113.84,114.28,10381848
2010-04-30,115.25999,115.7,115.21001,115.36,13406375
2010-05-03,115.91,116.28,115.53,115.73,13571133
2010-05-04,116.39,116.42999,114.17,114.87,21520144
2010-05-05,113.58,115.24001,113.312,115.09,21616624
2010-05-06,115.62,118.62,115.57001,118.48599,50545280
2010-05-07,117.64,118.88,116.74001,118.27,34276272
2010-05-10,117.5,117.89999,116.8101,117.57001,28433776
2010-05-11,119.46001,120.87,118.97,120.65601,36731744
2010-05-12,121.28,122.235,120.76849,121.39999,32703536
2010-05-13,121.28999,121.71001,120.10001,120.56,22340480
2010-05-14,121.88,122.02,119.12,120.37,34645680
2010-05-17,120.55,121.12,119.28999,119.36,27898192
2010-05-18,118.86,120.32001,118.5,119.49001,26595952
2010-05-19,118.19,118.42999,116.08,116.63,34412704
2010-05-20,116.14,116.95,115.17999,115.84,28908160
2010-05-21,115.05,116.24001,114.50999,115.22,20098272
2010-05-24,116.34,117.17,116.03999,116.84,14336746
2010-05-25,117.16,117.52,116.82001,117.36,21232672
2010-05-26,118.58,119.08,118.32001,118.47,13153438
2010-05-27,118.16,119.03799,118.14,118.69,10424770
2010-05-28,118.48,118.89999,117.63,118.881,11581441
2010-06-01,119.88,120.25,119.63,119.91,12207707
2010-06-02,119.35001,119.88,118.72,119.78,10348184
2010-06-03,119.16,119.39,117.48,117.96001,13861387
2010-06-04,117.96001,119.39,117.05,119.19,16536586
2010-06-07,118.73,121.8,118.62,121.49001,20246176
2010-06-08,121.61,122.45,120.66,121.0025,23410224
2010-06-09,120.48,120.99001,119.50999,120.56,12884566
2010-06-10,119.36,120.03999,118.83,118.97501,13687871
2010-06-11,119.88,120.41,119.33,120.00999,7830520
2010-06-14,119.63,120.25999,118.96001,119.60001,11004043
2010-06-15,119.71001,121.03,119.48,120.99001,15073836
2010-06-16,120.67999,120.89,120.03999,120.33,10505516
2010-06-17,121.6398,122.41,121.49001,121.89999,19799680
2010-06-18,123.03999,123.5,122.81,122.83,19430912
2010-06-21,123.09,123.11,120.36,120.39,20041600
2010-06-22,121.16,121.59,120.87,121.45,12944684
2010-06-23,120.89,121.02,119.77,120.95,14120711
2010-06-24,120.75999,122.1601,120.67,121.3,13140891
2010-06-25,122.75,123.13,122.49001,122.75999,9990879
2010-06-28,122.78999,123.56,120.81,121.09,19655952
2010-06-29,121.05,121.82001,119.03,121.27,17337152
2010-06-30,121.07001,122.09,120.88,121.67999,12016230
2010-07-01,120.91,121.03,116.98,117.03999,33248896
2010-07-02,118.21001,118.5,117.41,118.49001,14733043
2010-07-06,117.6698,117.72,116.3,116.50999,16849136
2010-07-07,116.57001,117.78,116.5,117.73,10933969
2010-07-08,117.39,117.41,116.10001,117.21001,11315984
2010-07-09,118.14,118.73,118,118.36,9597355
2010-07-12,117.83,118.2,116.97,117.34,7511234
2010-07-13,118.98,119.10001,118.36,118.36,8423609
2010-07-14,118.25999,119.13,117.59,118.3,9576078
2010-07-15,118.59,118.7,117.73,118.23,8588898
2010-07-16,116.69,116.78999,115.95,116.67,17494304
2010-07-19,115.57001,115.80409,115.11,115.73,15723859
2010-07-20,115.75,116.74001,115.48,116.64999,9267258
2010-07-21,116.8,117,115.71001,115.85001,9401816
2010-07-22,115.95,117.5,115.91,116.86301,8163977
2010-07-23,117.12,117.47,115.78999,116.09,8335430
2010-07-26,116.38,116.47,115.3,115.52,11223641
2010-07-27,114.95,114.99001,113.21001,113.50999,29529968
2010-07-28,113.48,113.92999,113.08,113.78,16074254
2010-07-29,113.53999,114.35001,113.34,114.28799,9483746
2010-07-30,114.36,115.73,114.08,115.49001,10093637
2010-08-02,116.12,116.39,115.2,115.53999,8473383
2010-08-03,115.88,116.44,115.81,115.99001,5585137
2010-08-04,117.41,117.64999,116.64999,116.72,10326180
2010-08-05,117.00999,117.10001,116.35001,116.98,7026266
2010-08-06,117.99001,118.42,117.49001,117.84,10001961
2010-08-09,117.75999,117.85001,117.23,117.39999,6754906
2010-08-10,116.59,118.09,116.39999,117.73,10444820
2010-08-11,117.74001,118.14,116.58,117.34,12436883
2010-08-12,118.56,118.86,118.46001,118.77,12326949
2010-08-13,118.82001,118.89,118.36,118.74001,10214531
2010-08-16,119.7,119.825,119.46001,119.73,8954063
2010-08-17,119.75,119.97,119.60001,119.75,9145320
2010-08-18,119.23,120.50999,119,120.22,12105465
2010-08-19,120.64999,120.99001,120.11,120.39,10015406
2010-08-20,119.97,120.07001,119.45,119.97,10682813
2010-08-23,119.91,120.07001,119.42,119.78,4862695
2010-08-24,118.77,120.8,118.71001,120.36,14811387
2010-08-25,121.1199,121.38,120.67,121.36,13996641
2010-08-26,121.09,122.95,120.5,120.96001,8895559
2010-08-27,121.2,121.45,120.42,121.00999,11157418
2010-08-30,120.85001,121.0598,120.58,120.91,4398738
2010-08-31,121.77,122.19,121.46001,122.08,12257102
2010-09-01,122.14999,122.21001,121.42999,121.69,11880082
2010-09-02,122.38,122.48,121.89,122.28999,7002012
2010-09-03,121.39,122.38499,121.14999,121.86,9077508
2010-09-07,122.91,123.06,122.63,122.7,8781191
2010-09-08,122.82001,123.42,122.60001,122.71001,9792742
2010-09-09,122.44,122.88,121.38,121.56,13749730
2010-09-10,121.39999,122.3,121.39,121.73,12510395
2010-09-13,121.63,122.11,121.39,121.62,9693281
2010-09-14,122.92,124.59,121.5489,124.024,26588848
2010-09-15,123.97,124.28999,123.435,123.94,11689008
2010-09-16,124.5,124.77,124.19,124.63,12672719
2010-09-17,125.03,125.03,124.27,124.5425,13820957
2010-09-20,125.09,125.45,124.778,124.87,8479129
2010-09-21,124.77,126.17,124.16,126.00999,20408304
2010-09-22,126.58,126.63,125.7,126.2,11055852
2010-09-23,126.2,126.66,125.81,126.3,9328863
2010-09-24,126.91,127.00011,126.3,126.69,14948535
2010-09-27,126.89999,126.91,126.48,126.72,6686129
2010-09-28,126.42,128.03,126.11,127.85001,19857152
2010-09-29,127.92999,128.2399,127.52,127.95,12336703
2010-09-30,128.14999,128.28,126.61,127.91,19213392
2010-10-01,128.72,129.07001,127.91,128.91,17213504
2010-10-04,128.52,128.62,128.22,128.46001,8367914
2010-10-05,130.11,131.12,129.87,130.99001,17489504
2010-10-06,131.45,131.86,131.34,131.81,16142184
2010-10-07,132.60001,132.67,129.50999,130.37,38676784
2010-10-08,130.78,131.88,130.47,131.66,18695296
2010-10-11,131.28,132.33,130.98,132.29201,10629816
2010-10-12,132.06,132.21001,131.36,131.96001,13295785
2010-10-13,132.73,134.31,132.63,134.07001,18398464
2010-10-14,134.06,134.85001,133.89999,134.75,26890448
2010-10-15,134.24001,134.46001,133.07001,133.67999,26171168
2010-10-18,133.46001,134.34,133.16,134.28,12301734
2010-10-19,130.46001,131.59,129.75,130.11,25327168
2010-10-20,130.36,131.64999,130.32001,131.32001,12556590
2010-10-21,131.08,131.59,128.72,129.47,21810816
2010-10-22,129.47,129.75,128.97,129.73,11889375
2010-10-25,131.16,131.38,130.21001,130.85001,12158348
2010-10-26,129.99001,131.14,129.73,130.88,10710898
2010-10-27,129.92999,130,128.78999,129.52,16132023
2010-10-28,130.36,131.5,129.84,131.24001,15895902
2010-10-29,131.48,132.82001,131.06,132.62,14340785
2010-11-01,132.85001,133.07001,131.75999,131.92,12403504
2010-11-02,132.44,132.59,131.88,132.49001,9405215
2010-11-03,132.28,132.52,129.48,131.57001,31705840
2010-11-04,134.64,136.13,134.24001,136.03,23474592
2010-11-05,135.14,136.61,134.95,136.38,20343600
2010-11-08,135.92,137.78999,135.53,137.78,17367376
2010-11-09,138.7,139.14999,135.05,135.59,39445120
2010-11-10,137.03,137.28,135.14999,137.24001,28484608
2010-11-11,137.62,137.75,136.45,137.66,15447418
2010-11-12,135.89,136.3062,132.821,133.69,35891104
2010-11-15,133.86,134.49001,132.39,132.42,15096719
2010-11-16,132.24001,132.38,129.83,130.968,32489664
2010-11-17,130.77,131.37,130.13,130.38,16432078
2010-11-18,131.82001,132.78,131.55,132.088,16009336
2010-11-19,131.48,132.35001,131.00999,132.2,14148340
2010-11-22,132.13,133.60001,131.69,133.48,13093375
2010-11-23,133.60001,135.07001,133.46001,134.41,18215168
2010-11-24,134.36,134.7,133.74001,134.17999,8861055
2010-11-26,132.38,133.16,131.92999,133.11,7823117
2010-11-29,133.19,133.75,132.33,133.508,13983797
2010-11-30,135.21001,135.75,134.78,135.42,17473056
2010-12-01,135.71001,136.14,134.96001,135.38,16831056
2010-12-02,135.62,136.59,135.14999,135.2,17583712
2010-12-03,136.62,138.11,136.48,138.07001,16520223
2010-12-06,138.14,139.46001,137.73,139.11,15640797
2010-12-07,139.455,139.53999,136.46001,136.5,26499136
2010-12-08,135.91,136.28999,133.88,134.78999,23483264
2010-12-09,135.69,136.16,134.88,135.37,14157551
2010-12-10,134.94,135.48,133.95,135.408,11938168
2010-12-13,136.25999,136.64,135.86,136.05,13352305
2010-12-14,136.27,137.21001,135.86,136.17999,17433264
2010-12-15,135.34,135.92999,134.67999,134.7,15089496
2010-12-16,134.21001,134.23,132.86,133.81,23469056
2010-12-17,133.97,134.63,133.22,134.2,17214688
2010-12-20,135.13,135.44,134.33,135.11,13142258
2010-12-21,135.17,135.7775,134.78999,135.32001,10242703
2010-12-22,135.60001,135.7,134.97,135.05,7303863
2010-12-23,134.25999,134.89999,133.92999,134.66,8702055
2010-12-27,134.96001,135.06,134.49001,135.02,3438495
2010-12-28,136.85001,137.34,136.62,137.22,10119297
2010-12-29,137.38,138.05,137.19,137.71001,8444184
2010-12-30,137.58,137.71001,136.94,137.03,5752074
2010-12-31,137.78,138.77,137.72,138.72,9222316
2011-01-03,138.67,139,137.88,138,11510129
2011-01-04,136.24001,136.28,134.16,134.75,26154224
2011-01-05,133.5,134.67999,133.10001,134.37,16700805
2011-01-06,134.05,134.38,133.14,133.83,15969285
2011-01-07,133.38,134.61,133.17999,133.58,16761762
2011-01-10,133.85001,134.2,133.24001,134.12,8429805
2011-01-11,134.78999,135.16,133.96001,134.91,10271746
2011-01-12,134.78999,135.58,134.35001,135.46001,10789629
2011-01-13,135.66,135.67999,133.63,134.05,14302770
2011-01-14,133.17,133.60001,132.22,132.69,21226576
2011-01-18,133.625,134,133.17,133.42999,11599762
2011-01-19,134.34,134.39999,133.39999,133.72,11795121
2011-01-20,131.75999,132.10001,131.03999,131.2,24362816
2011-01-21,130.75999,131.42999,130.53,131.03,19490784
2011-01-24,131.00999,131.63,130.14,130.36,15127191
2011-01-25,129.64999,130.27,129.07001,130.10001,22224448
2011-01-26,129.83,131.17,129.28,131.16,20548384
2011-01-27,130.28999,130.49001,127.8,127.925,33046912
2011-01-28,127.97,131.4762,127.95,130.28,28096032
2011-01-31,129.27,130.50999,129.25,129.87,14670004
2011-02-01,130.52,131.08,129.33,130.8,15365934
2011-02-02,130.37,130.60001,129.4536,130.45,10085188
2011-02-03,130.07001,132.32001,129.28,132.2,17414640
2011-02-04,131.84,132.7,131.23,131.66,15216145
2011-02-07,131.67,131.95,131.23,131.67999,7179160
2011-02-08,132.96001,133.5,132.8,133.14,16227188
2011-02-09,133.19,133.39,132.489,133.07001,10181223
2011-02-10,132.11,133.31,132,132.85001,8105117
2011-02-11,133.00999,133.44,132.09,132.32249,9889309
2011-02-14,132.95,133.38,132.7,132.95,8702449
2011-02-15,133.85989,134.17,133.63,133.97,10112863
2011-02-16,134.23,134.86,133.45,134.10001,12824188
2011-02-17,134.74001,135.16,134.47,135.03999,11332105
2011-02-18,135.17,135.8,134.882,135.41,15890887
2011-02-22,136.92,137.22,136.19,136.28999,16678988
2011-02-23,136.97,138.2,136.92,137.50999,15692883
2011-02-24,138.03999,138.14,135.73,136.48,18791216
2011-02-25,137.22,137.74001,136.77,137.384,10352844
2011-02-28,137.64999,138.14,137.03,137.661,8851012
2011-03-01,138.57001,140.03,138.49001,140.03,17438080
2011-03-02,140.24001,140.55,139.48,139.91701,15726535
2011-03-03,138.81,139.13,137.57001,138.09,16490281
2011-03-04,138.63,139.75,138.61,139.35001,17457264
2011-03-07,140.28999,140.61,139.28,139.72099,14070016
2011-03-08,139.64999,139.66,138.83,139.36,10730492
2011-03-09,139.92,139.95,138.94,139.41,8736434
2011-03-10,138.5,138.5,136.845,137.77,15565465
2011-03-11,137.285,138.92999,137.17999,138.22,10417496
2011-03-14,139.33,139.55,138.61,138.86,10243570
2011-03-15,135.35001,136.94,135.23,136.27,23465120
2011-03-16,136.52,137.2,135.8,136.24001,13394012
2011-03-17,136.56,137.08,136.25,136.97,9123203
2011-03-18,138.14,138.83,137.75999,138.37,18602096
2011-03-21,139.5,139.91,138.97,139.14,13743637
2011-03-22,138.88,139.36,138.67,139.05,9558223
2011-03-23,139.61,140.55,139.55,140.34,11542852
2011-03-24,140.2742,141.28,138.83,139.22,17016544
2011-03-25,140,140.24001,138.66,139.25999,13191941
2011-03-28,137.8199,138.83,137.78,138.53999,7663555
2011-03-29,138.21001,138.82001,137.94,138.21001,6349738
2011-03-30,139.07001,139.17999,137.67999,138.67,10756660
2011-03-31,140.08,140.39999,139.78,139.86,15235891
2011-04-01,138.64999,139.55,137.72,139.2,15739867
2011-04-04,140.13,140.25999,139.45,139.84,9685074
2011-04-05,139.58,142.09,139.52,142.05,18334048
2011-04-06,142.39999,142.62,141.77,142.38,10718684
2011-04-07,142.23,142.89,141.8,142.50999,9489977
2011-04-08,143.34,143.84,142.97,143.66,13129840
2011-04-11,143.28,143.49001,142.28,142.64,10114504
2011-04-12,142.74001,142.82001,140.75,141.61,14950516
2011-04-13,142.3894,142.53,141.48,141.89999,13888852
2011-04-14,142.35001,143.83,142.23,143.81,14174211
2011-04-15,143.85001,145.12,143.57001,145.05,19127264
2011-04-18,145.21001,146.07001,144.63,145.92999,17343168
2011-04-19,145.73,146.24001,145.17999,145.92999,10957383
2011-04-20,146.37,146.84,145.74001,146.5,13718219
2011-04-21,146.57001,147.06,146.32001,146.74001,10114152
2011-04-25,147.57001,147.58,146.42,146.87,15576820
2011-04-26,146.47,146.62,145.48,146.38,16244105
2011-04-27,147.38,149.21001,146.52,149.2,21945936
2011-04-28,149.3,150,148.60001,149.82001,20759392
2011-04-29,149.89999,153.03,149.75,152.37,27601216
2011-05-02,151.46001,153.61,150.36,150.414,24094096
2011-05-03,150.42999,150.97,148.85001,149.88,24215600
2011-05-04,149.86,150.34,146.75999,147.73,35111680
2011-05-05,146.82001,147.58,142.55,143.47,51284416
2011-05-06,145.24001,146.09,144.39999,145.3,24185168
2011-05-09,146.67,147.58,146.34,147.38,13854766
2011-05-10,147.19,148.19,146.92999,147.89999,11285469
2011-05-11,147.24001,147.35001,145.77,146.53999,21386896
2011-05-12,145.88,147.12,144.96001,146.59,18730320
2011-05-13,146.72,147.28,144.49001,145.63,17270048
2011-05-16,145.88,146.67,145.19,145.37,10069234
2011-05-17,144.23,144.78,143.42,144.74001,17203664
2011-05-18,145.55,146.22,145.14,145.60001,10508324
2011-05-19,145.12,145.85001,144.86,145.64999,8098801
2011-05-20,145.82001,147.78,144.89999,147.49001,23188960
2011-05-23,147.03999,147.95,146.97,147.83,15946477
2011-05-24,148.48,149.05,148.17999,148.59,14947992
2011-05-25,148.72,149.37,148.52,148.58,10973703
2011-05-26,148.45,148.61,147.59,148.22,9791500
2011-05-27,149.02,149.92,148.96001,149.7,10188109
2011-05-31,149.88,150.16499,149.41,149.64,10503840
2011-06-01,149.66,151.13,149.42999,149.91,18365344
2011-06-02,150.14999,150.38,148.07001,149.5,13553078
2011-06-03,150.28,150.66,149.62,150.22,12608508
2011-06-06,150.82001,151.45,150.21001,150.48,11479094
2011-06-07,150.67,150.85001,149.67999,150.42,10145082
2011-06-08,150.02,150.38,149.3,149.81,9612426
2011-06-09,150.00999,151.02,149.75,150.56,7651641
2011-06-10,149.03999,149.78,148.69,149.24001,12346105
2011-06-13,148.6601,149.03999,147.19,147.77,12998004
2011-06-14,147.7,148.73,147.478,148.67,10942926
2011-06-15,148.16,149.55,147.92,149.12,14550668
2011-06-16,148.83,149.49001,148.22,148.97,11034914
2011-06-17,148.87,150.28999,148.83,149.94,19206784
2011-06-20,150.0799,150.78999,149.582,150.03,10463336
2011-06-21,150.25999,150.87,150.17999,150.75999,12445105
2011-06-22,151.00999,151.86,150.56,150.99001,14117348
2011-06-23,148.6701,148.84,147.25999,148.339,24869552
2011-06-24,147.86,148.02499,145.97,146.25999,19304384
2011-06-27,145.92999,146.39999,145.2,145.73,11604328
2011-06-28,146.16,146.77,145.67,146.24001,8813789
2011-06-29,146.77,147.42,146.44,147.17999,12626820
2011-06-30,147.17999,147.41,145.98,146.00101,12669715
2011-07-01,144.75999,145.07001,143.97,144.92999,16367168
2011-07-05,146.96001,147.82001,146.85001,147.63,11281734
2011-07-06,148.7,149.44,148.58,148.91,14506238
2011-07-07,148.97,149.35001,148.28999,149.14999,9524063
2011-07-08,150.32001,150.5,149.99001,150.25,13663008
2011-07-11,151.33,151.69,150.2,151.59,20451120
2011-07-12,151.24001,153.32001,150.77,152.77,24037696
2011-07-13,153.7599,154.71001,153.58,154.14,26350976
2011-07-14,154.81,155.24001,153.95,154.53999,17617984
2011-07-15,154.34,155.28999,154.22,155.2,18452400
2011-07-18,155.75999,156.58,155.67,156.57001,17133328
2011-07-19,156.32001,156.32001,154.10001,154.66,22879888
2011-07-20,154.22,156.02,154.11099,156.02,14568746
2011-07-21,155.91,156.03999,154.33,154.83,18422864
2011-07-22,156,156.56,155.67999,156.12,11378645
2011-07-25,157.60001,157.8,156.72,157.34,13036137
2011-07-26,156.97,157.78999,156.60001,157.77,11743605
2011-07-27,158.47,158.6369,156.69,157.19,18301584
2011-07-28,157.53999,157.60001,156.11,157.32001,11374918
2011-07-29,158.42999,159.25,157.67999,158.28999,17129120
2011-08-01,157.47009,158.97,156.78,157.72,14825641
2011-08-02,159.3299,161.62,158.96899,161.52,24284496
2011-08-03,162.36,162.86,161.34,161.49001,27823664
2011-08-04,163.61,163.87,159.67999,160.64,40380208
2011-08-05,161.64,162.37,160.48,161.75,24557392
2011-08-08,165.48,167.61,164.75999,167.119,43002320
2011-08-09,169.92999,173.14999,167.48,168.61,55765744
2011-08-10,172.46001,175.13,171.62,174.58,44797104
2011-08-11,172.28,172.34,168.64999,170.75,49888256
2011-08-12,169.57001,170.06,167.77,169.97,29225984
2011-08-15,169.32001,171.91,168.95,171.8,17807888
2011-08-16,172.60001,174.07001,172.5,173.92,19657952
2011-08-17,173.87,174.67999,173.25,174.42,16481984
2011-08-18,177.14999,178.10001,176.41,177.72,25514224
2011-08-19,181.64,181.67,178.91,179.95,34407680
2011-08-22,181.94991,184.82001,181.60001,184.59,27482592
2011-08-23,182.245,183.82001,177.5,177.67,55265328
2011-08-24,177.89999,178.31,170.31,171.646,70700320
2011-08-25,167,172.81,165.88,172.36,43273648
2011-08-26,173.57001,177.55,171.75,177.47,38672976
2011-08-29,175.94501,176.00999,172.88,173.89,25265456
2011-08-30,177.7,179.31,176.66,179.10001,23440928
2011-08-31,177.73,179.16,176.33,177.72,16060320
2011-09-01,177.44,178.25999,176.55,177.87,13900453
2011-09-02,182.8199,183.50999,182.10001,183.23801,19920592
2011-09-06,184.58,185.85001,181.31,182.89999,30278000
2011-09-07,176.19,178.09,174.45,177.08,30759968
2011-09-08,181.39,182.12,179.77,181.81,20741280
2011-09-09,179.75999,181.95,179.17,180.7,25434736
2011-09-12,178.73,178.99001,175.33,176.67,21812800
2011-09-13,177.52,179.53999,176.28999,178.53999,17246368
2011-09-14,177.55,177.78,176.05,177.21001,18122800
2011-09-15,174.61,174.85001,172.56,174.39999,20896960
2011-09-16,173.72,177.39999,173.71001,176.03,20699072
2011-09-19,176.83,176.86,172.2,173.31,18301056
2011-09-20,173.17999,176.37,172.84,175.78,12677438
2011-09-21,174.78999,176.73,173.14,173.59,16434949
2011-09-22,169.3,170.32001,167.48,169.05,32476256
2011-09-23,164.50999,165.72,158.55,159.8,52986832
2011-09-26,157.12,158.8,154.19,157.58,42373776
2011-09-27,161.61,162.28999,159.91,160.63,25124128
2011-09-28,160.73,161.28999,155.56,156.22,21775952
2011-09-29,158.12,158.2,156.14,157.7,17340736
2011-09-30,157.3,160,156.33,158.06,16770758
2011-10-03,161.09,161.56,159.92999,160.96001,14200305
2011-10-04,160.95,161.03,155.27,157.644,24048224
2011-10-05,158.00999,160.32001,156.4355,159.46001,15141855
2011-10-06,160.02,161.11,158.77,160.49001,12399273
2011-10-07,161.02,161.58,158.23,159.17999,12977973
2011-10-10,162.05,163.32001,161.14,163.26601,8984402
2011-10-11,162.21001,162.50999,161.2133,162.10001,8263355
2011-10-12,163.7,164,162.5,163.25999,10875098
2011-10-13,162.3,162.48,160.82001,162.3,8334961
2011-10-14,163.33,163.82001,162.25,163.39999,9744930
2011-10-17,164,164.16,161.95,162.62,8765695
2011-10-18,159.96001,162.03,158.30299,161.84,15390773
2011-10-19,161.09,161.42999,159.55,159.87,8535871
2011-10-20,157.62,158.42,156.05,157.77,17367424
2011-10-21,159.99001,160.45,158.94,159.52,13335535
2011-10-24,160.55,161.33,160.22,161.02,10199742
2011-10-25,161.24001,166.34,160.4088,165.59,22130720
2011-10-26,167.03,168.05,166.42,167.39999,17116288
2011-10-27,167.59,170.28999,166.64999,169.55,15865516
2011-10-28,169.64,169.94,168.75,169.62,9362855
2011-10-31,167.75999,168.16,166.91,167.34,8441563
2011-11-01,164.03,167.41,163.61,167.38,15335336
2011-11-02,168.59,169.7386,167.3,169.06,14544691
2011-11-03,171.17,172.03999,169.89999,171.72,17610384
2011-11-04,171.03,171.34,170.16,170.85001,11062344
2011-11-07,172.85001,175,172.71001,174.98,20141408
2011-11-08,174.35001,175.46001,172.89999,173.53,16062242
2011-11-09,174.28,174.81,171.61,172.07001,12313844
2011-11-10,172.4299,172.59,168.83,171.14,11848637
2011-11-11,172.10001,174.05,172.07001,173.96001,8730988
2011-11-14,173.74001,173.86,172.59,173.2,5893508
2011-11-15,173.35001,173.81,171.89999,173.36,9174027
2011-11-16,171.63,172.96001,170.57001,171.50999,15099441
2011-11-17,170.03999,170.3,166.39,167.10001,28468864
2011-11-18,167.23,168.69,166.60001,167.62,14172895
2011-11-21,166.60989,166.71001,162.07001,163.5,22035776
2011-11-22,164.74001,165.92,164.61,165.31,12098352
2011-11-23,164.55,165.37,163.12,164.83,11486855
2011-11-25,163.33,165.2,163.28999,163.39999,6097918
2011-11-28,166.92999,167.14,165.98,166.63,12006664
2011-11-29,166.39999,167.33,166.08,166.88,9198816
2011-11-30,169.7,170.3,169.06,170.13,11821551
2011-12-01,169.8499,170.57001,168.59,169.63,11614141
2011-12-02,170.64999,170.8,169.36,169.82001,8434992
2011-12-05,169.06,169.95,167.06,167.32001,10256258
2011-12-06,166.31,168.57001,165.53,168.17999,10388141
2011-12-07,168.78999,169.52,167.75999,169.39999,10361266
2011-12-08,166.96001,167.63,165.73,165.976,11734426
2011-12-09,166.42999,167.34,166.12,166.39999,8354152
2011-12-12,162.35001,162.41,161.14,161.99001,15339344
2011-12-13,161.86,163.19,157.75999,158.45,25040384
2011-12-14,156.785,157.34,152.05,152.89,42334368
2011-12-15,154.74001,154.95,151.71001,152.33,21521840
2011-12-16,154.31,155.37,153.89999,155.23,18126352
2011-12-19,155.48,155.86,154.36,154.87,12547273
2011-12-20,156.82001,157.42999,156.58,156.98,9142414
2011-12-21,156.98,157.53,156.13,157.16,12005863
2011-12-22,156.35001,156.8,155.33,156.03999,9891934
2011-12-23,156.35001,156.49001,155.82001,156.31,3565685
2011-12-27,155.08,155.55,154.53999,154.91,4924082
2011-12-28,154.05,154.25999,150.66,151.03,16436043
2011-12-29,149.09,150.72,148.27,150.34,19812144
2011-12-30,152.14011,153.75,151.78999,151.99001,10853355
2012-01-03,154.75999,156.3,154.55,155.92,13385730
2012-01-04,155.42999,157.38,155.34,156.71001,11549684
2012-01-05,155.37,158.03,155.25,157.78,11621504
2012-01-06,158.5901,158.63,156.38,157.2,9792730
2012-01-09,157.36,157.59,156.19,156.5,8774676
2012-01-10,158.97,159.47,158.47,158.64,8371402
2012-01-11,159.34,160.05,158.91,159.67,7971270
2012-01-12,161.02,161.61501,159.83,160.38,8605949
2012-01-13,159.32001,159.59,158.00999,159.25999,8911828
2012-01-17,161.17,161.64999,160.42,160.5,8313293
2012-01-18,159.94,161.64,159.67999,161.60001,9341191
2012-01-19,160.96001,161.45,160.33,161.22,8119449
2012-01-20,160.5,162.09,160,162.07001,11618832
2012-01-23,162.325,163.47,162.325,163.16,8839090
2012-01-24,161.81,162.37,161.53,162.00999,7502855
2012-01-25,161.07001,166.55,160.28999,166.42,28957664
2012-01-26,168.05,168.31,167.05,167.27,19143728
2012-01-27,167.44,169,167.41,168.97,13031828
2012-01-30,168.19,168.53999,167.74001,168.03,8437988
2012-01-31,169.77,169.86,167.72,169.31,11192473
2012-02-01,169.75,170.17999,169.08,169.56,7734105
2012-02-02,169.96001,171.2299,169.67999,171.05,11517559
2012-02-03,169.88,170.14,167.50999,167.64,23362528
2012-02-06,166.96001,167.67999,166.61,167.17999,8807402
2012-02-07,167.38,170.09,167.14999,169.7,11620887
2012-02-08,169.25999,169.96001,167.5,168.5,10655465
2012-02-09,170.00999,170.37,167.67,168.02,16085109
2012-02-10,166.49001,167.64,166.33,167.14,10327531
2012-02-13,167.33,167.94,166.74001,167.50999,7092270
2012-02-14,167.64999,167.92999,166.42,167.12,7871504
2012-02-15,168.63,168.75,167.19,168.108,11639879
2012-02-16,166.33,168.14,166.17,168,10733910
2012-02-17,168.28999,168.33,166.87199,167.35001,7287086
2012-02-21,169.64999,171.07001,169.59,171.02,13611184
2012-02-22,170.39999,173.17,170.19,172.94,16676496
2012-02-23,172.69,173.77,172.28,173.02,11654195
2012-02-24,172.63,173.03999,172,172.231,9295621
2012-02-27,172.14,172.92,171.58,171.7,7348145
2012-02-28,172.84,174,172.60001,173.49001,12422426
2012-02-29,173.19,173.59,164,164.286,44149008
2012-03-01,166.10001,167.72,165.75,166.61,19208832
2012-03-02,166.23,166.83,165.63,166.34,9301039
2012-03-05,165.77,165.91,164.55,165.64999,12076852
2012-03-06,162.14999,162.81,161.78,162.7,15541535
2012-03-07,162.75999,164.02,162.50999,163.63,9557176
2012-03-08,164.74001,165.55,164.05,165.28,8861840
2012-03-09,163.64,166.57001,163.25,166.3799,13700547
2012-03-12,165.33,165.58,164.39999,165.07001,6532961
2012-03-13,163.94,165.41,161.42999,162.3,20046960
2012-03-14,159.61,160.57581,158.8,159.57001,28826496
2012-03-15,159.73,161.98,159.28,161.08,12693246
2012-03-16,160.08,161.53999,159.9201,161.3,12549953
2012-03-19,160.85001,162.3,160.722,161.59,9923617
2012-03-20,160.1976,161.08,159.77,160.13,11646215
2012-03-21,160.63,161.48,160.14999,160.21001,6676988
2012-03-22,158.2,159.71001,158.13,159.57001,11110266
2012-03-23,160.88,161.88,160.52,161.5329,10689781
2012-03-26,163.17,164.53999,162.95,164.39999,13226684
2012-03-27,164.52,164.89,163.13,163.24001,10915617
2012-03-28,162.71001,162.98,160.66,161.50999,11015051
2012-03-29,161.14,161.46001,159.81,161.28,11029512
2012-03-30,161.67,162.33,161.22,162.12,7534086
2012-04-02,161.96001,163.56,161.81,162.94,7546840
2012-04-03,163.23,163.23,159.17,159.89,16825952
2012-04-04,157.7,158.03,156.58,157.21001,15982621
2012-04-05,157.87,158.67999,157.78,158.31,8969414
2012-04-09,159.72,160.00999,158.91,159.37,8252559
2012-04-10,159.66,161.58,158.47,161.10001,14290535
2012-04-11,161.2,161.53999,160.74001,161.065,10006797
2012-04-12,160.74001,163.2,160.455,162.7,9232566
2012-04-13,162.4509,162.46001,160.17,160.85001,10041539
2012-04-16,160.50999,161.17999,159.53,160.46001,6672051
2012-04-17,160.53999,160.96001,158.75,160.27,7587035
2012-04-18,159.49001,160.12,159.07001,159.31,7465203
2012-04-19,160,160.64,159.02,159.42999,9917180
2012-04-20,159.25,159.91,159.2,159.53999,9149352
2012-04-23,158.2,159.17999,157.88,159.07001,8880965
2012-04-24,159.63,160.17999,159.28999,159.3,5201496
2012-04-25,159.48,159.96001,157.75999,159.62,15099488
2012-04-26,160.46001,161.38,160.10001,161.03,10919977
2012-04-27,161.78,161.97,161.14999,161.38,8897262
2012-04-30,160.49001,161.88,160.31,161.88,8013887
2012-05-01,162.09,162.17999,160.89,161.32001,7418785
2012-05-02,160.74001,160.78,159.75999,160.59,5637824
2012-05-03,159.16,159.48,158.37,158.97,13176789
2012-05-04,158.82001,159.98,158.57001,159.47,11390543
2012-05-07,159.31,159.34,158.45,159.08,4927777
2012-05-08,156.61,156.73,154.92,156,17858256
2012-05-09,154.10001,154.98,153.60001,154.47,13870520
2012-05-10,155.16,155.57001,154.64,154.77,7462414
2012-05-11,153.44,154.47,153.24001,153.56,8286156
2012-05-14,151.58,152.03,151,151.33,13392855
2012-05-15,151.16,151.44,149.63,149.74001,13363035
2012-05-16,149.48,150.7,148.60001,149.46001,16759152
2012-05-17,150.83,153.39999,150.38,152.8,18086336
2012-05-18,154.46001,155.13,153.97,154.55,12996223
2012-05-21,154.11,154.95,153.86,154.64999,7542313
2012-05-22,153.59,154.42,151.55,152.08,11309547
2012-05-23,151.5,151.8401,148.84,151.62,18854416
2012-05-24,152.71001,152.91,150.62,151.41,9701113
2012-05-25,151.89,152.85001,151.63,152.67999,6214305
2012-05-29,153.47,153.62,150.25,151.02,11246609
2012-05-30,149.74001,152.38,148.53,151.91,16771047
2012-05-31,152.0284,152.71001,150.62,151.62,10116273
2012-06-01,155.41,158.31,154.87,157.5,27408032
2012-06-04,157.25999,157.44,156.16,157.32001,11463574
2012-06-05,156.92,157.27,156.42,157.14,8095219
2012-06-06,158.89999,159.2,156.59,157.21001,15771539
2012-06-07,157.82001,157.84,153.19,154.5,18925632
2012-06-08,153.02,154.83,153,154.73,11077297
2012-06-11,154.83,155.39999,153.55,155.36,9166594
2012-06-12,155.49001,157.03999,155.45,156.4594,13248766
2012-06-13,157.61,157.64999,156.42,157.12,10111309
2012-06-14,157.64,157.94,156.24001,157.75,11508273
2012-06-15,157.75,158.46001,157.42,157.84,13099906
2012-06-18,157.46001,158.21001,156.53999,157.92999,6733816
2012-06-19,158,158.14,156.97,157.16,6946949
2012-06-20,156,157.37,154.25999,155.97,16975696
2012-06-21,153.73,154.2299,151.8,152.015,14449902
2012-06-22,152.03999,152.7,151.21001,152.64,6755922
2012-06-25,152.58,154.16,152.25,153.75999,6190121
2012-06-26,153.03,153.3,152.13,152.62,6123863
2012-06-27,153.3,153.45,152.14999,152.83,4840648
2012-06-28,151.89999,152.16,150.14999,151.05,8757977
2012-06-29,155.13,155.95,154.52,155.19,10378676
2012-07-02,154.67,155.55,154.341,155.09,3656938
2012-07-03,156.97,157.72,156.77,157.46001,5037637
2012-07-05,155.44,156.39999,154.45,155.67999,5363449
2012-07-06,154.23,154.49001,152.95,153.71001,7047172
2012-07-09,153.61,154.58,153.42999,154.03999,4469754
2012-07-10,155.13,155.1799,151.78,152.14999,9747832
2012-07-11,152.58,153.45,152.02,152.99001,6841266
2012-07-12,151.25999,153.07001,150.85001,152.59,11401938
2012-07-13,153.45,154.94,153.44,154.14,5081629
2012-07-16,154.42999,154.75,153.98,154.21001,5712180
2012-07-17,154.00999,154.5,152.45,153.47,13025512
2012-07-18,152.67,153.60001,152.39999,153.05,6810531
2012-07-19,153.73,154.32001,152.92999,153.38,6074070
2012-07-20,152.97,154,152.75,153.67,8584145
2012-07-23,152.5,153.33,152.28999,153.03,5258027
2012-07-24,153.63,153.8,152.2,153.52,6538898
2012-07-25,155.33,156.28999,155.05,155.67,9359438
2012-07-26,156.7,157.25999,156.05,156.77,7343551
2012-07-27,157.64,157.96001,156.66,157.53999,9772629
2012-07-30,156.84,157.66,154.81,157.42999,7212324
2012-07-31,157.60001,157.72,156.25999,156.49001,10922930
2012-08-01,155.17999,155.78999,154.41,155.14,12715531
2012-08-02,154.66,155.14,153.61,154.13,11541461
2012-08-03,154.64999,155.89,154.42,155.55,10670688
2012-08-06,155.92,156.73,155.74001,156.3,4611957
2012-08-07,156.37,156.63,156.00999,156.28,5926074
2012-08-08,156.49001,156.86,156.25999,156.48,3621101
2012-08-09,156.36,157,156.28,156.99001,3181289
2012-08-10,156.89999,157.82001,156.6523,157.17999,4607930
2012-08-13,157.05,157.45,155.89999,155.99001,4574543
2012-08-14,155.06,155.58,154.83,155.13,5077289
2012-08-15,155.32001,155.82001,155.271,155.63,4993836
2012-08-16,155.85001,157.09,155.5,156.56,8839172
2012-08-17,157.06,157.07001,156.22,156.72,7812004
2012-08-20,156.52,157.395,156.47,157.25999,7847652
2012-08-21,158.81,159.2,158.69,158.83,11840965
2012-08-22,159.19,160.63,158.50999,160.53999,13605891
2012-08-23,161.41,162.451,161.23,161.89,17237600
2012-08-24,161.87,162.35001,161.33,161.97,8498883
2012-08-27,161.77,162.29401,161.34,161.36,5381660
2012-08-28,161.63,162.19,161.3,161.64,5076680
2012-08-29,161.60001,161.67999,160.17999,160.59,9287660
2012-08-30,161.25999,161.31,160.00999,160.52,5814387
2012-08-31,161.14,164.22,159.56,164.22,18026336
2012-09-04,164.11,164.77,163.66,164.48,12040824
2012-09-05,164.12,164.39,163.81,164.31,8404699
2012-09-06,165.16,165.78,164.8,164.89,12967066
2012-09-07,167.77,169,167.37,168.44,19140032
2012-09-10,167.84,168.14,167.22501,167.28999,7765406
2012-09-11,168.22,168.53,167.78999,167.89999,7524035
2012-09-12,168.84,168.87,167.25,167.92,9946203
2012-09-13,167.87,171.91,166.3,171.31,28336816
2012-09-14,171.89,172.23,171.31,171.8,16848736
2012-09-17,171.77,171.96001,170.06,170.39999,11284773
2012-09-18,170.81,171.95,170.67,171.72,12486512
2012-09-19,171.88,172.03,171.19,171.74001,9126852
2012-09-20,171.03,171.69,170.226,171.47,8707691
2012-09-21,172.92999,173.185,171.53999,171.96001,13362738
2012-09-24,170.63,171.39,170.57001,171.05,9181996
2012-09-25,171.75999,172.11,170.5,170.77,10365203
2012-09-26,169.46001,170.05,168.34,169.81,12068148
2012-09-27,171.02,172.60001,170.75999,172.34,10540852
2012-09-28,172.03,172.48,171.34,171.89,9683633
2012-10-01,172.83,173.62,171.77,172.295,10679406
2012-10-02,172.47,172.7,171.59,172.10001,7057027
2012-10-03,172.50999,172.61,171.89,172.41,5653766
2012-10-04,173.2,174.07001,172.916,173.61,10379223
2012-10-05,172.87,173.37,172.00999,172.62,8871227
2012-10-08,171.75,172.28,171.67999,172.05,3750943
2012-10-09,171.86,172.17,170.56,170.99001,7755672
2012-10-10,170.53999,171.34,170.3,170.84,7365328
2012-10-11,171.3,171.95,171.13,171.32001,5716852
2012-10-12,171.14999,171.41,169.81,170.06,8267223
2012-10-15,169.00999,169.10001,167.53,168.35001,10711012
2012-10-16,168.87,169.45,168.67,169.42,6208398
2012-10-17,169.21001,169.95,168.92,169.53999,5203352
2012-10-18,168.8,169.31,168.59,168.78909,6612656
2012-10-19,168.42,168.45,166.23,166.97,13861461
2012-10-22,167.08,167.63,167.03011,167.58,6371629
2012-10-23,166.03999,166.06,165.12,165.4258,11892484
2012-10-24,165.78,165.83,164.60001,164.86031,10794801
2012-10-25,166.28999,166.53,165.77,166.02,7015539
2012-10-26,166.23,166.60001,165.77,165.92999,6441758
2012-10-31,166.47,167.28,166.38,166.83,4682926
2012-11-01,167.02,167.03999,166.03999,166.07001,6021020
2012-11-02,164.45,164.47,162.3,162.60001,14763523
2012-11-05,163.12,163.42,162.81,163.23,6158684
2012-11-06,163.91,166.77,163.61,166.3,16051730
2012-11-07,166.87,167.13,165.03999,166.49001,13198270
2012-11-08,166.14,168.16,166.12,167.99001,8828984
2012-11-09,168.21001,168.53999,167.55,167.82001,7361848
2012-11-12,168.10001,168.28,167.21001,167.45,5652156
2012-11-13,166.66,167.9399,166.63,167.10001,6471313
2012-11-14,167.46001,168.03999,166.78,167.14,8513621
2012-11-15,167,167.05499,165.17999,166.09,10023203
2012-11-16,165.74001,166.36,165.47,165.88,6944891
2012-11-19,167.75,168.16,167.38,167.87,6771691
2012-11-20,167.75,168.02,166.8401,167.39,5502105
2012-11-21,167.19,167.8199,166.97,167.56,3811125
2012-11-23,167.97,170.00999,167.8,169.61,6110070
2012-11-26,169.56,169.73,169.25,169.42999,5377750
2012-11-27,169.14,169.39999,168.62,168.71001,7320516
2012-11-28,165.42999,166.84,165.38499,166.55,12881773
2012-11-29,167.14,167.5,166.85001,167.1817,7447145
2012-11-30,166.94,167.22,165.53,166.05,8414250
2012-12-03,166.11,166.92,166.03999,166.12669,6364531
2012-12-04,164.06,164.83,163.87,164.42,10212309
2012-12-05,164.22,164.5,163.2,164.12,10649109
2012-12-06,163.72,165,163.53,164.5,7301570
2012-12-07,164.88,165.22,164.60001,165.16499,7290613
2012-12-10,166.11,166.16,165.715,165.8,4649160
2012-12-11,165.45,165.66,165.12,165.64999,4725750
2012-12-12,166.2,166.94,165.36,165.77,14172340
2012-12-13,163.86501,164.895,163.78,164.37,9333254
2012-12-14,164.17,164.48,164.02,164.13,5352141
2012-12-17,164.16,164.62,164.13,164.44,8177387
2012-12-18,164.35001,164.42999,160.89999,162.08,24000528
2012-12-19,161.31,162.22,161.11,161.69,12995516
2012-12-20,159.87,160.12,158.39,159.73,25148768
2012-12-21,159.82001,160.75999,159.78,160.33,13445840
2012-12-24,160.88,160.96001,160.47,160.62,3699741
2012-12-26,161.36,161.485,160.64,160.78,4967629
2012-12-27,160.23,161.31,160.05,161.16,8938695
2012-12-28,160.94,160.97,160.14999,160.53999,6854191
2012-12-31,160.89999,162.75,160.77,162.0204,11789684
2013-01-02,163.49001,164.14,163.14,163.17,10436879
2013-01-03,162.48,162.881,160.83,161.2,16117492
2013-01-04,159.52,160.63499,158.89,160.44,19179856
2013-01-07,159.36,159.96001,159.14999,159.42999,9362473
2013-01-08,160.46001,160.99001,160.00999,160.56,7696234
2013-01-09,160.77,160.83,159.905,160.49001,8337074
2013-01-10,161.61,162.56,161.61,161.98,11432563
2013-01-11,161.86,161.89999,160.1084,161.06,13676629
2013-01-14,161.88,161.97,161.13,161.53999,7289789
2013-01-15,162.8,163.17,162.355,162.558,10085277
2013-01-16,162.42,163.03,162.14999,162.64999,9219230
2013-01-17,161.94,164.39999,161.83,163.35001,14913402
2013-01-18,163.95,163.97,163.019,163.09,10038832
2013-01-22,163.48,164.22,163.37,163.67,8590883
2013-01-23,163.92,163.95,163,163.21001,6698625
2013-01-24,161.98,162.27,161.17999,161.42,13191992
2013-01-25,160.56,161.03999,160.31,160.64999,9037563
2013-01-28,160.24001,160.73,160.02,160.28999,8497270
2013-01-29,161.00999,161.31,160.69,160.99001,7366469
2013-01-30,162.67999,163.03999,162.03011,162.19,12015934
2013-01-31,161.62,161.81,160.47,161.2,9336016
2013-02-01,162.66,162.77,160.87,161.45,12904578
2013-02-04,161.19,162.42,161.14999,162,7360340
2013-02-05,162.75,162.795,161.33,161.96001,8979387
2013-02-06,162.13,162.63,161.99001,162.39,6147988
2013-02-07,161.24001,162.96001,161.13,161.84,12828578
2013-02-08,161.46001,162.02,161.2,161.57001,6086535
2013-02-11,159.78,159.98,159.24989,159.7,12147328
2013-02-12,159.35001,160.05,158.88,159.89,7632727
2013-02-13,159.60001,159.64,158.77,159.05,8962734
2013-02-14,159.31,159.6499,158.03999,158.34801,12415059
2013-02-15,156.42,156.58,154.56,155.75999,23374848
2013-02-19,155.8,155.84,154.92999,155.33,11809395
2013-02-20,153.89999,153.92999,150.841,151.44,30923936
2013-02-21,152,153.41,151.899,152.62,17970032
2013-02-22,152.25999,152.99001,151.92999,152.97,10093910
2013-02-25,153.52,154.56,153.31,154.34,9488191
2013-02-26,154.39,156.8,153.32001,156.22,18182736
2013-02-27,155.46001,155.60001,154.08,154.57001,9604801
2013-02-28,154.09,154.16,152.39,153,14866488
2013-03-01,153.1599,153.61,152.14,152.44,11179551
2013-03-04,152.45,152.74001,151.87,152.3,6643754
2013-03-05,153.10001,153.39,152.11,152.38,10805641
2013-03-06,152.17,153.38,151.64999,153.23,10862680
2013-03-07,153.02,153.21001,152.39999,152.69,6593848
2013-03-08,151.61,153.28999,151.403,152.71001,11860090
2013-03-11,152.82001,153.06,152.64999,152.99001,4810699
2013-03-12,154.07001,154.69,153.89999,154.19,7265977
2013-03-13,154.25999,154.604,153.423,153.66,7436945
2013-03-14,153.02,154.17,153.00999,153.67999,11420238
2013-03-15,154.12,154.72,153.97,154.00101,5701574
2013-03-18,155.7,155.92999,155,155.38,9303074
2013-03-19,155.22,156.34,155.10001,156.08,11027602
2013-03-20,155.53,155.83,154.88,155.37,8221934
2013-03-21,156.17,156.42999,155.879,156.246,4992609
2013-03-22,155.451,155.99001,155.42,155.55,4746375
2013-03-25,154.71001,155.57001,154.36,155.24001,6820543
2013-03-26,154.47,154.91,154.28,154.72,7389043
2013-03-27,154.67,155.62,154.509,155.36,6718520
2013-03-28,154.5,154.8,154.22,154.47,6851500
2013-04-01,154.57001,154.92999,154.3,154.67,4289035
2013-04-02,153.09,153.31,152.25999,152.42999,9398855
2013-04-03,152.02,152.53,149.92,150.73,15740715
2013-04-04,149.64999,150.60001,149.44,150.28999,12429898
2013-04-05,151.53999,152.9599,151.07001,152.81,14491938
2013-04-08,152.39,152.59,151.60001,152.16,6246883
2013-04-09,152.32001,153.85001,152.28,153.34,7047105
2013-04-10,152.67,152.71001,150.5799,150.75,18515664
2013-04-11,150.75999,151.71001,150.629,151.05,8063117
2013-04-12,148.64999,148.8499,143.42599,143.95,55601760
2013-04-15,136,136.75,130.50999,131.31,93804128
2013-04-16,134.89999,135.11,131.75999,132.8,45650752
2013-04-17,133.81,134.95,132.32001,132.87,25444016
2013-04-18,134.12,135.31,133.62,134.3,20044064
2013-04-19,136,136.02,134.60001,135.47,15666375
2013-04-22,138.14999,138.269,137.22,137.89999,16572848
2013-04-23,137.22,137.24001,135.85001,136.88,14650664
2013-04-24,138.09,138.55,137.45,138.3699,10372520
2013-04-25,140,142.08,139.785,141.63,18895392
2013-04-26,142.3,143.42999,140.03999,140.91,19313584
2013-04-29,142.1353,142.66,141.485,142.3,11006188
2013-04-30,142.27,142.83,141.55,142.77,11287219
2013-05-01,140.59,141.55,139.30009,141.11,13939145
2013-05-02,142,142.47,141.642,141.92,11504270
2013-05-03,141.7,142.71001,141.39999,142.09,11671918
2013-05-06,142.33,142.465,141.63,142.14999,7734078
2013-05-07,140.38,140.64,139.37,140.38,13630086
2013-05-08,141.78,142.81,141.49001,142.46001,11163082
2013-05-09,141.33,142.36,140.50999,140.81,8265281
2013-05-10,138.22,139.75,137.25999,139.60001,14657797
2013-05-13,138.46001,138.966,138.16,138.42999,6719359
2013-05-14,137.95,139.16,137.64,137.81,9897148
2013-05-15,136.59,136.98,134.23,134.63,19068464
2013-05-16,133.17999,134.48,133,134.09,12761977
2013-05-17,133.17,133.48,131.02,131.07001,20349776
2013-05-20,130.88,135.32001,130.85001,135.12,21593904
2013-05-21,132.17,133.64999,131.452,132.88,14542461
2013-05-22,134.17999,136.77,130.95,131.94,25982352
2013-05-23,134.50999,134.84,133.12,134.61,10272773
2013-05-24,134.11,134.50999,133.64,133.75999,5522984
2013-05-28,133.67999,135.57001,132.8,133.49001,12466648
2013-05-29,134.09,134.91,133.64,134.83,8765195
2013-05-30,136.67,137.11,136.25999,136.7,8612082
2013-05-31,135.71001,136.05,133.89,133.92,9726566
2013-06-03,134.77,136.98,134.42999,136.50999,9176633
2013-06-04,135.21001,135.4399,134.27,135.23,5506215
2013-06-05,135.47,136.37,135.00999,135.52,7444992
2013-06-06,135.39,137.62,134.98,136.53,9848313
2013-06-07,134.11,134.62,133.17999,133.28,11057789
2013-06-10,133.3,134.28,132.99001,133.94,6142738
2013-06-11,132.31,133.50999,132.245,133.25,7201203
2013-06-12,132.95,134.83,132.83,134.25,6552184
2013-06-13,133.31,134.2,132.82001,133.74001,7164766
2013-06-14,134,134.60001,133.88,134.42999,4279367
2013-06-17,133.89,134.05991,133.5201,133.77,4077112
2013-06-18,132.72,132.9601,131.5303,132.13,7381824
2013-06-19,132.58,133.14999,130.38,130.59,13017730
2013-06-20,125.2178,126.38,123.33,123.60001,28872048
2013-06-21,125.16,125.57001,124.46001,125.05,16602086
2013-06-24,124.31,124.7,123.31,123.92999,12751715
2013-06-25,123.64999,123.89999,122.88,123.47,9373477
2013-06-26,119.88,119.89999,118.06,118.28,24748768
2013-06-27,119.10001,119.50999,115.64999,115.94,30001808
2013-06-28,115.22,119.33,114.67999,119.11,32986544
2013-07-01,119.94,121.95,119.38,121.13,15952484
2013-07-02,121.34,121.47,119.78,120.05,10553430
2013-07-03,120.7,121.77,120.53999,120.74001,6750238
2013-07-05,118.08,118.17999,116.74001,118.09,11593512
2013-07-08,119.09,119.66,118.92999,119.50999,8654730
2013-07-09,120.84,121.50999,120.05,120.62,8203008
2013-07-10,121.14999,122.35001,120.59,120.95,14697063
2013-07-11,124.25999,124.36501,123.47,124.24001,11282191
2013-07-12,123.52,124.3,123.32001,124.13,6584027
2013-07-15,124.08,124.39,123.84,124.17999,4134879
2013-07-16,124.75999,125.21001,124.33,124.89,5579680
2013-07-17,125.03999,125.7,122.73,123.32001,10887039
2013-07-18,124.11,124.52,123.78,124.00999,6152047
2013-07-19,124.89,125.42,124.64999,125.11,5768262
2013-07-22,127.64999,129.46001,127.59,128.84,10858301
2013-07-23,128.7,130.13989,128.35001,129.71001,8826016
2013-07-24,129.17,129.3999,126.873,127.48,9979035
2013-07-25,127.7,128.87,127.64,128.67,4725105
2013-07-26,128.11,128.97,126.78,128.78,6149387
2013-07-29,128.45,128.78,128.25,128.47,3558052
2013-07-30,127.95,128.31,127.22,128.12,4489262
2013-07-31,127.75999,128.92,126.13,127.96001,16016250
2013-08-01,127.84,127.89,126.33,126.61,10564258
2013-08-02,126.74001,127.25,126.32001,126.36,6466230
2013-08-05,126.50999,126.64,125.34,125.7,4007090
2013-08-06,124.33,124.55,123.55,123.97,6021418
2013-08-07,124,124.60001,123.85001,124.14999,5306328
2013-08-08,124.78,126.99001,124.77,126.86,8661285
2013-08-09,126.50999,127.27,126.3,126.86,6194027
2013-08-12,129.57001,129.71001,128.88,129.13,7422563
2013-08-13,128.49001,128.6499,127.38,127.74001,7339539
2013-08-14,127.66,129.07001,127.57001,129,8713160
2013-08-15,128.06,132.36,127.98,131.69,17226256
2013-08-16,132.56,133.27,131.39,132.58,14447035
2013-08-19,132.33,132.5,131.59,132.00999,8120305
2013-08-20,132.0345,133.13,132.02,132.45,7809098
2013-08-21,131.74001,133.23,131.50999,132.07001,10726613
2013-08-22,132.56,133.46001,132.27,132.81,5742699
2013-08-23,132.58,135.24001,132.5,134.89999,11623316
2013-08-26,134.88,135.60001,134.14999,135.45,7692078
2013-08-27,136.94,137.55,136.52,136.75,11283234
2013-08-28,137.21001,137.46001,136.66,136.71001,13652145
2013-08-29,136.12,136.55,135.42,135.87,7943156
2013-08-30,134.64999,135.71001,134.44,134.62,7689484
2013-09-03,135.46001,136.789,135.02499,136.42,8101531
2013-09-04,134.61,134.84,133.72,134.66,7789180
2013-09-05,134.13,134.35001,131.8,132.2,11126270
2013-09-06,133.42,134.39999,133.33,134.14999,8449141
2013-09-09,134.13,134.32001,133.67,133.91,5090473
2013-09-10,131.82001,132,131.11,131.74001,8433008
2013-09-11,131.58,131.81,131.25999,131.7,5049934
2013-09-12,128.62,128.78,127.61,127.67,12943984
2013-09-13,127.16,127.96001,126.21001,127.82001,12060316
2013-09-16,127.48,128.02,126.33501,126.45,9987684
2013-09-17,126.81,126.99001,126.11,126.5,8135453
2013-09-18,125.32001,132.16,125.14999,132.00999,24825328
2013-09-19,132,132.78,131.22,131.75,14353863
2013-09-20,130.60001,130.91,127.89999,127.96001,19558096
2013-09-23,127.52,128.44,127.33,127.55,7425633
2013-09-24,126.39999,128.21001,126.34,127.66,7350109
2013-09-25,127.57001,129.21001,127.52,128.78999,7519078
2013-09-26,128.6097,128.99001,127.32001,127.78999,9492820
2013-09-27,128.86,129.58,128.84,128.97,7454160
2013-09-30,127.95,129.14,127.7,128.17999,8982402
2013-10-01,125.25,125.25999,123.81,124.59,16721145
2013-10-02,125.37,127.81,125.34,127.06,11997199
2013-10-03,126.77,127.69,126.22,127.17999,11632914
2013-10-04,127.05,127.14999,126,126.53,6924926
2013-10-07,127.25,128.33,127.12,127.64,6737848
2013-10-08,127.78999,128.45,127.21001,127.39999,6999742
2013-10-09,126.21001,126.89,124.97,126.11,10707750
2013-10-10,125.34,125.83,124.10001,124.27,10523559
2013-10-11,122.37,122.81,121.85001,122.60001,15972629
2013-10-14,123.89999,124.24001,122.81,122.83,6118215
2013-10-15,122.28,124.36,122.22,123.73,8384160
2013-10-16,123.52,123.89,122.50999,123.53999,8525277
2013-10-17,127.00999,127.86,126.81,127.42,11785090
2013-10-18,126.87,127.33,126.60001,126.85001,5350480
2013-10-21,127.13,127.3356,126.78999,126.98,3395173
2013-10-22,128.25,129.81,128.22,129.34,8852594
2013-10-23,128.55,129.09,128.35001,128.69,5099156
2013-10-24,129.41,130.53,129.41,129.89999,10225797
2013-10-25,129.53,130.92,129.46001,130.46001,8771039
2013-10-28,130.41,131.44,130.1,130.56,6817414
2013-10-29,130.1642,130.59,129.57,129.77,5334537
2013-10-30,130.83,131.22,128.81,129.6,8895989
2013-10-31,128.04,128.49,127.3,127.74,7753276
2013-11-01,126.86,127.17,126.05,126.95,9571847
2013-11-04,127.18,127.52,126.74,126.81,3819272
2013-11-05,126.71,126.86,126,126.56,4942373
2013-11-06,127.11,127.36,126.92,127.2,3544927
2013-11-07,126.14,126.85,125.86,126.16,7700172
2013-11-08,124.46,124.46,123.62,124.279,8427259
2013-11-11,123.92,123.97,123.66,123.87,3277698
2013-11-12,123.51,123.87,121.7256,122.45,7705623
2013-11-13,122.97,123.24,122.39,122.85,5966976
2013-11-14,123.92,124.91,123.88,124.27,7669667
2013-11-15,124.16,124.52,124.07,124.32,4664240
2013-11-18,123.7,123.96,122.55,122.9,6241279
2013-11-19,122.97,123.4,122.83,122.95,3666451
2013-11-20,121.67,122.44,119.76,120.12,14281010
2013-11-21,119.81,120.35,119.31,119.94,7562937
2013-11-22,120.24,120.4,119.82,119.92,6776461
2013-11-25,119.18,121,119.13,120.46,7271846
2013-11-26,119.84,120.4,119.59,119.82,9053320
2013-11-27,120.49,120.69,119.25,119.46,6144568
2013-11-29,120.67,121.05,120.62,120.7,2364671
2013-12-02,119.2,119.29,117.5,117.58,10297128
2013-12-03,117.58,118.31,117.23,117.96,7004847
2013-12-04,118.33,120.76,118.16,119.96,9110691
2013-12-05,118.2,119.24,117.41,118.3,10254676
2013-12-06,118.86,119.26,118.01,118.55,7910040
2013-12-09,118.99,119.92,118.9496,119.72,5510392
2013-12-10,122.14,122.32,121.47,121.82,9164469
2013-12-11,121.49,121.81,120.76,120.86,9934908
2013-12-12,118.61,118.82,118.03,118.29,8810811
2013-12-13,118.89,119.49,118.761,119.38,6484891
2013-12-16,119.26,120.77,118.97,119.69,8193324
2013-12-17,118.96,119.9001,118.37,118.65,8589144
2013-12-18,119,120.05,117.29,117.61,16265046
2013-12-19,115.97,116.06,114.5,114.82,15984757
2013-12-20,115.37,116.469,115.06,115.94,14697716
2013-12-23,115.61,116.12,115.43,115.57,6244146
2013-12-24,115.79,116.29,115.71,116.1,3353940
2013-12-26,117.23,117.23,116.65,116.74,3868528
2013-12-27,117.31,117.38,116.85,117.12,4207991
2013-12-30,116.37,116.4,115.18,115.39,6713023
2013-12-31,114.61,117.13,114.46,116.12,12838233
2014-01-02,117.93,118.73,117.75,118,7570508
2014-01-03,118.64,119.62,118.59,119.29,5879119
2014-01-06,119.76,120.39,117.11,119.5,10107731
2014-01-07,118.46,118.92,118.1301,118.82,6435823
2014-01-08,117.99,118.52,117.5,118.12,7432317
2014-01-09,118.11,118.69,117.99,118.46,3972991
2014-01-10,119.72,120.43,119.58,120.26,7994809
2014-01-13,120.27,121.04,120.2,121.02,5877632
2014-01-14,120.54,121.06,119.72,119.89,7506301
2014-01-15,119.19,119.8099,119.1126,119.66,5476409
2014-01-16,119.84,119.96,119.57,119.79,3950105
2014-01-17,120.35,121.02,120.2,120.93,7926430
2014-01-21,119.23,119.97,119.23,119.7,6765085
2014-01-22,119.65,119.768,119.17,119.19,4898314
2014-01-23,120.97,122.02,120.97,121.79,11038741
2014-01-24,122.06,122.5,121.55,122.29,8540453
2014-01-27,121.65,122.06,120.72,120.96,7533917
2014-01-28,121.32,121.4,120.41,120.95,5156327
2014-01-29,122.19,122.51,121.13,122.47,12262531
2014-01-30,119.67,120.22,119.6001,119.77,8752038
2014-01-31,120.65,120.86,119.46,120.09,7984890
2014-02-03,120.47,122.11,120.32,121.32,9270176
2014-02-04,120.41,121.09,120.3888,120.99,7029192
2014-02-05,121.76,121.88,120.73,121.29,6801879
2014-02-06,121.38,121.51,120.78,121.24,4748431
2014-02-07,121.24,122.24,121.23,122.17,6683018
2014-02-10,122.8,123.16,122.72,122.92,7937659
2014-02-11,123.38,124.75,123.36,124.36,11558005
2014-02-12,124.4,124.98,124.13,124.43,6654131
2014-02-13,124.7,125.6,124.66,125.49,9263314
2014-02-14,126.99,127.38,126.75,127.15,11180946
2014-02-18,127.42,127.75,127.09,127.4,7690800
2014-02-19,127.26,127.45,126.16,126.27,9390584
2014-02-20,126.75,127.75,126.4,127.6,10578232
2014-02-21,127.57,128.07,127.15,127.58,7306796
2014-02-24,128.51,129.07,128.34,128.99,12116210
2014-02-25,128.62,129.53,128.57,129.21,5787114
2014-02-26,128.49,128.76,127.42,128.11,7057157
2014-02-27,128.4,128.8,127.89,128.2,5067646
2014-02-28,128.27,128.35,127.15,127.62,10588738
2014-03-03,130,130.5856,129.81,130.29,11785006
2014-03-04,128.54,129.24,128.3236,128.68,6350420
2014-03-05,128.71,129.34,128.58,128.89,4880728
2014-03-06,129.71,130.47,129.47,130.17,5417902
2014-03-07,128.25,129.23,128.21,129.09,7577498
2014-03-10,128.88,129.61,128.7804,129.13,4170499
2014-03-11,130.01,130.15,128.9301,129.86,7295113
2014-03-12,131.56,132.12,131.39,131.76,11107630
2014-03-13,131.69,132.54,131.56,132.21,8007721
2014-03-14,133.68,133.69,132.35,133.1,11949426
2014-03-17,132.73,133.22,131.22,131.64,14630110
2014-03-18,130.39,131.27,130.33,130.62,6424385
2014-03-19,129.55,129.68,127.94,128.09,12932862
2014-03-20,127.78,128.41,127.58,127.86,7690848
2014-03-21,129.04,129.09,128.41,128.47,7246489
2014-03-24,126.87,127.14,126.03,126.18,13076493
2014-03-25,126.44,126.82,126.24,126.41,6567962
2014-03-26,126.27,126.38,125.13,125.41,8581634
2014-03-27,125.06,125.29,124.21,124.59,7315310
2014-03-28,124.23,124.96,123.88,124.56,7253673
2014-03-31,124.52,124.79,123.57,123.61,12379151
2014-04-01,123.71,123.85,123.1099,123.39,5998286
2014-04-02,124.41,124.75,124.19,124.32,4907847
2014-04-03,123.75,124.26,123.59,123.92,3659603
2014-04-04,125.2,125.96,124.86,125.57,7278979
2014-04-07,125.07,125.4725,124.84,124.91,3969823
2014-04-08,126.34,126.34,125.9,126.09,6946163
2014-04-09,125.46,126.72,125.33,126.32,5307863
2014-04-10,126.95,127.37,126.82,127.01,5008847
2014-04-11,127.04,127.31,126.73,126.93,4699538
2014-04-14,127.8,128.25,127.62,127.85,6680185
2014-04-15,124.79,125.7,124.6,125.49,9970175
2014-04-16,125.37,125.57,125.03,125.54,4072028
2014-04-17,125.38,125.53,124.57,124.75,5902491
2014-04-21,124.07,124.33,123.76,124.24,6579161
2014-04-22,124.15,124.16,122.92,123.78,6899367
2014-04-23,123.7,123.942,123.38,123.76,3741184
2014-04-24,122.87,125.12,122.8404,124.56,8755120
2014-04-25,125.18,125.71,125.07,125.43,7025124
2014-04-28,125.3,125.34,124.45,124.88,4898101
2014-04-29,124.95,125.38,124.65,124.86,5241798
2014-04-30,124.19,125.05,123.82,124.22,10354278
2014-05-01,123.17,123.83,123.06,123.8,6687796
2014-05-02,123.69,125.67,123.33,125.06,9914822
2014-05-05,126.47,126.63,126,126.22,5202763
2014-05-06,126.02,126.11,125.63,125.98,3488007
2014-05-07,125.52,125.57,123.92,124.17,8471166
2014-05-08,124.19,124.47,123.891,124.17,3696147
2014-05-09,124.39,124.47,123.82,124.1,3119978
2014-05-12,125.4,125.42,124.69,124.94,4025958
2014-05-13,124.79,125.1,124.5,124.6,2643478
2014-05-14,125.8,125.96,125.44,125.81,4018583
2014-05-15,124.77,125.51,124.54,124.77,5862519
2014-05-16,124.35,124.77,124.29,124.5,4052154
2014-05-19,125.28,125.47,124.48,124.58,3903200
2014-05-20,124.12,124.91,124.09,124.69,3771117
2014-05-21,124.25,124.55,123.53,124.39,6848002
2014-05-22,125.14,125.24,124.535,124.67,3458801
2014-05-23,124.6,124.661,124.19,124.51,2206288
2014-05-27,122.98,123.07,121.75,121.85,10905402
2014-05-28,121.47,121.7,120.92,121.2,6741191
2014-05-29,120.78,121.46,120.77,120.94,5555563
2014-05-30,120.76,120.81,119.62,120.43,8753575
2014-06-02,119.93,120.4599,119.61,119.7,5923679
2014-06-03,119.73,120.09,119.42,120.01,5010345
2014-06-04,120.1,120.16,119.68,119.76,3861805
2014-06-05,120.55,120.88,120.43,120.66,4183681
2014-06-06,120.68,120.77,119.94,120.61,4808750
2014-06-09,120.79,120.85,120.57,120.65,2789577
2014-06-10,121.29,121.47,121.21,121.39,3561677
2014-06-11,121.51,121.61,121.18,121.41,3573593
2014-06-12,121.92,122.75,121.83,122.64,7394697
2014-06-13,122.57,123.036,122.51,122.96,4026822
2014-06-16,122.88,123.01,122.302,122.42,5833646
2014-06-17,121.85,122.5,121.82,122.28,4035098
2014-06-18,122.22,122.8,122.09,122.67,4604909
2014-06-19,124.33,127.23,124.32,126.94,24374779
2014-06-20,126.32,127.07,126.21,126.5,9955149
2014-06-23,126.65,126.935,126.37,126.85,5142796
2014-06-24,127.22,127.32,126.73,126.98,6355294
2014-06-25,126.78,127.55,126.66,126.99,6695428
2014-06-26,126.53,126.92,126.2,126.73,5531190
2014-06-27,126.88,127.17,126.65,126.66,4200393
2014-06-30,126.53,128.04,126.37,128.04,18143018
2014-07-01,127.99,128.12,127.49,127.7,8148345
2014-07-02,127.76,128.24,127.64,127.7,5742612
2014-07-03,126.79,127.29,126.61,127.16,4922466
2014-07-07,126.63,127.03,126.23,127.02,4636886
2014-07-08,127.29,127.53,126.43,127.07,6220335
2014-07-09,127.54,128.26,127.18,127.84,8369851
2014-07-10,129.11,129.21,128.49,128.54,6314294
2014-07-11,128.41,128.83,128.38,128.78,4322535
2014-07-14,125.5,126.1,125.45,125.72,11469917
2014-07-15,125.89,126.32,124.36,124.53,10548113
2014-07-16,125.02,125.47,124.78,124.97,4104117
2014-07-17,125.52,127.55,125.11,127.0899,11430637
2014-07-18,125.79,126.21,125.6701,126.13,6461677
2014-07-21,126.53,126.55,126.11,126.34,3303835
2014-07-22,126.33,126.4299,125.47,125.74,3887606
2014-07-23,125.72,126.04,125.4,125.62,3045018
2014-07-24,124.85,124.87,123.9,124.35,8118607
2014-07-25,124.48,125.93,124.43,125.791,5644498
2014-07-28,125.44,125.67,125.3,125.58,3213705
2014-07-29,125.79,125.88,124.72,125.2,5270794
2014-07-30,124.89,124.93,124.41,124.83,5622346
2014-07-31,123.85,124.07,123.23,123.39,9898582
2014-08-01,124.54,124.81,124.23,124.38,7397317
2014-08-04,124.36,124.47,123.73,123.99,6500560
2014-08-05,123.74,124.52,123.4,123.87,8342542
2014-08-06,125.71,126,125.52,125.67,9327849
2014-08-07,125.47,126.51,125.37,126.18,7298926
2014-08-08,126.08,126.41,125.89,126.19,5729316
2014-08-11,125.84,126.04,125.64,125.96,3165498
2014-08-12,126.42,126.81,125.87,125.99,4613407
2014-08-13,126.35,126.53,125.9,126.2,3969676
2014-08-14,126.24,126.53,126.13,126.31,3348451
2014-08-15,124.52,126.07,124.41,125.483,13071958
2014-08-18,124.78,125.08,124.65,124.96,4953347
2014-08-19,125,125,124.48,124.68,4878772
2014-08-20,124.82,124.82,123.88,124.22,4395911
2014-08-21,122.72,123.24,122.45,122.88,8010459
2014-08-22,123.09,123.33,122.57,123.19,4739968
2014-08-25,122.92,123.04,122.72,122.74,5019903
2014-08-26,123.92,123.97,123.28,123.35,3891112
2014-08-27,123.6,123.71,123.25,123.3199,2576944
2014-08-28,124.15,124.33,123.81,124,3297757
2014-08-29,123.75,124.22,123.62,123.86,3684122
2014-09-02,121.97,122.08,121.43,121.65,10128581
2014-09-03,121.7,122.2,121.66,122.15,3415925
2014-09-04,122.48,122.66,121.25,121.48,7310640
2014-09-05,121.83,122.06,121.63,122.06,3490704
2014-09-08,121.58,121.61,120.37,120.73,7508620
2014-09-09,120.57,120.94,120,120.87,6157321
2014-09-10,120.13,120.54,119.64,120.26,7022579
2014-09-11,119.61,119.7,118.77,119.472,7618266
2014-09-12,118.63,118.9,118.07,118.38,8129457
2014-09-15,118.79,118.86,118.46,118.64,4778579
2014-09-16,118.85,119.43,118.44,118.83,6544481
2014-09-17,118.95,119.24,117.5,117.54,8328712
2014-09-18,117.41,118.09,117.19,117.78,5368874
2014-09-19,117.51,117.57,116.72,117.09,10931243
2014-09-22,116.72,117.37,116.58,116.85,7602075
2014-09-23,117.99,117.99,117.31,117.6,4667327
2014-09-24,117.12,117.719,116.9,117.05,5518416
2014-09-25,116.3,117.76,116.2,117.39,7640357
2014-09-26,117.02,117.1,116.58,117.06,4185425
2014-09-29,117.27,117.4,116.8999,117.03,4051047
2014-09-30,116.54,117.35,115.85,116.21,10174560
2014-10-01,116.61,117.26,116.59,116.77,7024201
2014-10-02,116.86,117.21,116.33,116.74,6352009
2014-10-03,115.17,115.51,114.42,114.61,11304593
2014-10-06,115.16,116.31,114.94,116.03,7647060
2014-10-07,116.31,116.63,116.09,116.36,5278476
2014-10-08,117.03,117.71,115.85,117.4701,10675551
2014-10-09,117.86,118.26,117.49,117.64,6612637
2014-10-10,117.7,117.74,117.19,117.59,4653307
2014-10-13,118.14,118.665,117.93,118.52,5397633
2014-10-14,118.58,118.82,118.351,118.59,5180665
2014-10-15,119.23,120.18,118.59,118.99,9460425
2014-10-16,119.02,119.65,118.8799,119.22,6550140
2014-10-17,119.06,119.23,118.42,118.99,8060834
2014-10-20,119.68,119.86,119.54,119.8,3034916
2014-10-21,120.27,120.5,119.905,120.02,4568269
2014-10-22,119.69,119.79,119.25,119.34,3741487
2014-10-23,118.71,118.82,117.88,118.52,6423205
2014-10-24,118.62,118.63,118.12,118.35,3611311
2014-10-27,118.18,118.37,118.01,118.06,2445376
2014-10-28,118.48,118.48,118.01,118.1,3262626
2014-10-29,117.65,117.91,116.14,116.41,7900772
2014-10-30,115.8,115.83,114.94,115.19,7852239
2014-10-31,111.83,112.88,111.655,112.66,18209615
2014-11-03,112.39,112.68,112,112.15,6605175
2014-11-04,112.12,112.71,112.08,112.22,6430111
2014-11-05,109.92,110.84,109.67,109.79,13560114
2014-11-06,109.92,110.49,109.75,109.88,7019854
2014-11-07,110.78,113.15,110.73,112.97,10916540
2014-11-10,112.24,112.24,110.28,110.46,8548523
2014-11-11,111.08,112.76,110.87,112.04,8603165
2014-11-12,112.05,112.17,111.23,111.5,5133300
2014-11-13,111.89,112.26,111.22,111.67,4874598
2014-11-14,110.76,114.72,110.6501,114.47,14173586
2014-11-17,113.97,114.27,113.56,114.05,5440990
2014-11-18,114.86,115.17,114.55,115.05,5586694
2014-11-19,114.93,115.35,112.88,113.68,11997742
2014-11-20,114.57,115.0156,114.09,114.86,5607779
2014-11-21,115.58,115.96,114.47,115.39,6564258
2014-11-24,115.15,115.3699,114.79,115.11,4695022
2014-11-25,115.1,115.47,114.9,115.38,9051813
2014-11-26,115.25,115.34,114.98,115.16,3184017
2014-11-28,113.53,113.83,111.95,112.11,9616332
2014-12-01,113.8,117.36,113.74,116.58,15643964
2014-12-02,115.13,115.7095,114.72,115.14,6378105
2014-12-03,115.68,116.76,115.56,116.33,5758821
2014-12-04,116.01,116.3399,115.61,115.88,3623615
2014-12-05,115.16,115.18,114.24,114.43,6330980
2014-12-08,114.97,116.16,114.46,115.78,5224491
2014-12-09,117.04,118.99,116.98,118.19,10467158
2014-12-10,118.15,118.47,117.81,117.96,4277427
2014-12-11,116.98,118.38,116.82,117.69,5214467
2014-12-12,117.39,117.8,116.68,117.41,4736535
2014-12-15,116.22,116.9698,114.36,114.39,8795987
2014-12-16,116.28,116.5,114.07,114.95,9173964
2014-12-17,115.1,115.48,113.58,114.27,9097329
2014-12-18,115.59,115.81,114.58,115.15,5258103
2014-12-19,115.06,115.22,114.77,114.77,4652333
2014-12-22,114.81,114.97,112.41,112.55,7483195
2014-12-23,112.88,113.32,112.61,112.74,7763327
2014-12-24,112.83,112.92,112.66,112.77,1501552
2014-12-26,114.82,114.98,114.53,114.83,3765581
2014-12-29,114.61,114.64,113.23,113.67,12963725
2014-12-30,114.99,116.26,114.9,115.2,7987311
2014-12-31,114.89,115,113.28,113.58,7624198
2015-01-02,112.49,114.8,112.32,114.08,7109594
2015-01-05,114.78,116,114.73,115.8,8177350
2015-01-06,116.22,117.5,115.8,117.12,11238313
2015-01-07,116.47,116.88,116.17,116.43,6434196
2015-01-08,116.45,116.87,115.85,115.94,7033675
2015-01-09,116.51,117.34,116.5,117.26,7962886
2015-01-12,117.46,118.71,117.32,118.56,8318211
2015-01-13,118.96,119.19,117.87,118.16,7693200
2015-01-14,119.08,119.32,117.9,117.97,7727403
2015-01-15,120.41,121.695,120.34,120.94,17692548
2015-01-16,121.73,123.15,121.705,122.52,14428223
2015-01-20,123.63,124.6,123.49,124.2,14968636
2015-01-21,125.18,125.34,123.37,124.23,11082739
2015-01-22,125.07,125.58,124.145,125.23,10518355
2015-01-23,124.43,124.5,123.35,124.23,6270911
2015-01-26,123.33,123.3447,122.52,122.99,6768646
2015-01-27,123.56,124.64,123.51,124.4,9584838
2015-01-28,123.52,123.89,122.94,123.42,8470574
2015-01-29,121.99,122.29,120.26,120.76,11997964
2015-01-30,121.3,123.55,120.915,123.45,14555862
2015-02-02,121.84,123.155,121.82,122.42,8885189
2015-02-03,121.74,121.76,120.5648,121.05,8255863
2015-02-04,121.63,122.22,120.92,121.58,5386747
2015-02-05,120.98,121.83,120.61,121.79,6879945
2015-02-06,119.15,119.52,117.95,118.64,13206906
2015-02-09,118.83,119.4,118.77,119.17,5237181
2015-02-10,118.63,119.06,118.21,118.47,4086321
2015-02-11,118.49,118.57,117,117.07,6784397
2015-02-12,117.68,117.82,117.09,117.34,4344444
2015-02-13,118.05,118.58,117.79,117.98,4108870
2015-02-17,116.4,116.54,115.58,116.01,7225154
2015-02-18,115.99,116.53,114.99,116.34,8336029
2015-02-19,116.4,116.54,115.74,115.94,6528724
2015-02-20,116.1,116.455,115.05,115.28,6681734
2015-02-23,115.11,116.22,115.07,115.43,4812393
2015-02-24,115,115.55,114.29,115.26,7612919
2015-02-25,115.83,115.89,115.33,115.7,5032535
2015-02-26,116.54,116.55,115.83,116.07,4025356
2015-02-27,116.74,117.07,116.16,116.16,8255636
2015-03-02,116.5,116.64,115.62,115.68,7993280
2015-03-03,116.04,116.61,115.35,115.47,4738347
2015-03-04,115.7,115.79,115.02,115.11,4762403
2015-03-05,115.43,116.12,114.84,115,5872197
2015-03-06,113.17,113.26,111.7,111.86,11190846
2015-03-09,112.42,112.62,111.95,111.97,5534011
2015-03-10,112.09,112.35,111.22,111.42,7019781
2015-03-11,111.23,111.25,110.16,110.75,6550445
2015-03-12,111.15,111.2,110.25,110.72,6631459
2015-03-13,111.1,111.28,110.51,110.88,4557576
2015-03-16,111.09,111.205,110.42,110.81,3265305
2015-03-17,109.92,111.35,109.77,110.21,8923264
2015-03-18,110.33,112.87,110.09,112.37,12448040
2015-03-19,111.85,112.58,111.58,112.29,6537743
2015-03-20,112.71,114,112.67,113.57,8033444
2015-03-23,113.7,114.3701,113.4899,114.29,4240258
2015-03-24,114.35,114.6499,113.82,114.57,2979338
2015-03-25,115.11,115.14,114.65,114.73,3021437
2015-03-26,115.73,115.84,115.34,115.48,5495161
2015-03-27,115.14,115.36,114.45,115.06,4921741
2015-03-30,113.9,114.01,113.54,113.75,4383858
2015-03-31,113.84,114.28,113.4065,113.66,4383314
2015-04-01,114.56,115.99,114.54,115.6,7324008
2015-04-02,115.47,115.72,114.68,115.28,3884072
2015-04-06,117.32,117.47,116.52,116.69,5914163
2015-04-07,116.27,116.51,115.94,116.11,2468498
2015-04-08,115.98,116.03,114.9,115.47,5568527
2015-04-09,114.8,114.85,114.48,114.67,4707044
2015-04-10,116,116.19,115.5,115.966,3932404
2015-04-13,115.35,115.3899,114.8,115.14,3190149
2015-04-14,114.69,115.07,114.39,114.44,3651459
2015-04-15,114.8,115.6,114.47,115.43,3655950
2015-04-16,115.55,115.66,114.64,115.03,3132336
2015-04-17,115.38,115.79,115.23,115.6,3496313
2015-04-20,114.82,114.95,114.3162,114.72,3932756
2015-04-21,114.72,115.56,114.65,115.38,3317715
2015-04-22,114.83,114.96,113.77,113.83,5695960
2015-04-23,113.9,114.96,113.81,114.66,3459495
2015-04-24,113.96,114.07,112.77,113.05,7152913
2015-04-27,113.87,115.82,113.67,115.33,7487557
2015-04-28,115.36,116.62,115.34,116.33,8054361
2015-04-29,116.06,116.39,115.28,115.51,7170477
2015-04-30,113.88,113.88,112.96,113.47,9440253
2015-05-01,112.42,113.3089,112.28,113.08,7597006
2015-05-04,114.18,114.44,113.88,114.1,3648052
2015-05-05,114.89,115.11,114.39,114.42,3856520
2015-05-06,114.59,114.75,114.02,114.36,3280733
2015-05-07,113.84,114.01,113.32,113.42,5455090
2015-05-08,114.34,114.43,113.59,113.97,9964072
2015-05-11,114.09,114.31,113.08,113.53,2916745
2015-05-12,114.1,114.67,114.0648,114.5,3256715
2015-05-13,115.74,116.93,115.68,116.55,11768224
2015-05-14,117.28,117.75,117.03,117.18,6923017
2015-05-15,116.8,117.63,116.68,117.53,4447333
2015-05-18,117.78,117.88,117.27,117.52,5079850
2015-05-19,116.55,116.73,115.65,115.89,5052147
2015-05-20,116.03,116.38,115.76,116.08,4432556
2015-05-21,115.53,116,115.47,115.69,2514693
2015-05-22,115.51,115.93,115.32,115.6,1780191
2015-05-26,113.84,114.23,113.7,113.91,5769580
2015-05-27,113.78,114.0149,113.63,113.89,2681069
2015-05-28,113.85,114.16,113.21,114.02,5266016
2015-05-29,114.14,114.48,114,114.1,3407489
2015-06-01,115.02,115.5,113.9,114,8254034
2015-06-02,114.36,114.645,114.17,114.46,3988639
2015-06-03,114.13,114.37,113.08,113.64,4886054
2015-06-04,112.98,113.1497,112.48,112.84,5566618
2015-06-05,111.6,112.39,111.5668,112.24,5561283
2015-06-08,112.39,112.6599,112.13,112.57,3122078
2015-06-09,113.15,113.23,112.71,112.82,3529924
2015-06-10,114.14,114.14,113.69,113.78,5452863
2015-06-11,113.27,113.41,112.92,113.26,4434731
2015-06-12,113.06,113.499,112.96,113.23,2998483
2015-06-15,113.28,114.15,113.21,113.73,5055086
2015-06-16,113.08,113.45,112.789,113.32,4033268
2015-06-17,113.07,114.04,112.63,113.85,6455983
2015-06-18,115.19,115.61,114.89,115.32,8041255
2015-06-19,115.34,115.46,114.95,115.12,4611647
2015-06-22,113.79,113.94,113.34,113.64,5763662
2015-06-23,112.96,113.17,112.79,112.89,4522797
2015-06-24,112.48,112.74,112.31,112.59,2975539
2015-06-25,112.43,112.71,112.32,112.44,2904711
2015-06-26,112.2,112.68,112.13,112.56,4392589
2015-06-29,112.81,113.23,112.53,113.07,5820226
2015-06-30,112.24,113.05,111.84,112.37,7897042
2015-07-01,112.12,112.51,111.94,111.98,4409026
2015-07-02,111.66,111.839,111.41,111.76,3838553
2015-07-06,111.71,112.58,111.63,112.06,4259775
2015-07-07,111.08,111.14,110.05,110.76,9073403
2015-07-08,111.38,111.65,111.08,111.09,5694941
2015-07-09,111.8,111.93,111.15,111.36,3802857
2015-07-10,111.18,111.71,111.03,111.49,3594918
2015-07-13,110.43,111.14,110.36,110.99,4279310
2015-07-14,111,111.075,110.63,110.74,2600955
2015-07-15,110,110.1914,109.58,110.16,9286201
2015-07-16,109.67,110.01,109.6,109.76,4629683
2015-07-17,109.11,109.16,108.4,108.65,14858273
2015-07-20,106.6,106.65,105.62,105.7,15751735
2015-07-21,105.81,106.32,105.25,105.37,10519791
2015-07-22,104.39,105.09,104.18,104.8,8349201
2015-07-23,104.98,105.3,104.2,104.33,5779289
2015-07-24,103.61,105.59,103.431,105.35,11572679
2015-07-27,104.94,105.68,104.66,104.86,10690142
2015-07-28,105.09,105.33,104.83,105.02,5549222
2015-07-29,104.93,105.63,104.49,105.17,5616909
2015-07-30,104.03,104.97,103.86,104.27,6651960
2015-07-31,105.41,105.75,104.69,104.93,6689175
2015-08-03,104.59,104.82,104.05,104.1,3528596
2015-08-04,104.56,104.75,103.95,104.31,3241016
2015-08-05,104.42,104.5038,103.78,103.93,5041015
2015-08-06,104.15,104.86,104.14,104.39,3908124
2015-08-07,104.56,105.38,104.55,104.65,4400915
2015-08-10,105.03,106.27,104.9172,105.72,5892602
2015-08-11,106.49,106.63,105.77,106.26,4060892
2015-08-12,106.99,107.91,106.93,107.75,10022547
2015-08-13,106.95,107.18,106.71,106.86,4761682
2015-08-14,107.07,107.41,106.543,106.85,3509238
2015-08-17,107.37,107.51,107,107.13,5769080
2015-08-18,106.67,107.33,106.31,107.11,4121839
2015-08-19,107.63,108.67,107.63,108.55,7035087
2015-08-20,109.81,110.61,109.7,110.44,12549017
2015-08-21,110.93,111.33,110.12,111.13,13917638
2015-08-24,111.54,112.12,109.77,110.53,18388730
2015-08-25,110.01,110.05,108.72,109.16,9974186
2015-08-26,107.72,108.06,107.08,107.67,10856643
2015-08-27,107.33,108.04,107.11,107.73,8102071
2015-08-28,108.17,109.3,108.12,108.7,7558923
2015-08-31,108.19,108.92,108.03,108.82,4532081
2015-09-01,109.63,109.77,108.94,109.2,7077848
2015-09-02,109.01,109.34,108.46,108.62,4115731
2015-09-03,107.77,108.32,107.56,107.84,3913100
2015-09-04,107.14,107.56,107.07,107.49,4025022
2015-09-08,107.6,107.94,107.31,107.52,5982061
2015-09-09,106.64,106.71,105.48,106.13,8855138
2015-09-10,106.61,106.698,106.18,106.38,6203955
2015-09-11,105.65,106.2,105.27,106.16,4023894
2015-09-14,105.86,106.39,105.78,106.22,2350848
2015-09-15,105.83,106.06,105.68,105.9,2904958
2015-09-16,106.6,107.709,106.56,107.31,5315633
2015-09-17,107.07,108.58,106.96,108.41,8403849
2015-09-18,109.1,109.38,108.82,109.21,6794284
2015-09-21,108.49,108.66,108.328,108.53,4104752
2015-09-22,107.58,107.96,107.44,107.79,5483262
2015-09-23,108.54,108.64,108.2,108.22,2744177
2015-09-24,109.67,110.82,109.63,110.49,11024343
2015-09-25,109.87,110.03,109.55,109.81,5209493
2015-09-28,108.37,108.91,108.27,108.42,3809622
2015-09-29,108.24,108.69,107.88,107.98,4043592
2015-09-30,106.78,107.075,106.47,106.86,7405576
2015-10-01,106.98,107.21,106.63,106.73,4278592
2015-10-02,108.54,109.3199,108.54,108.99,7730647
2015-10-05,109.14,109.38,108.46,108.77,5490200
2015-10-06,109.8,110.26,109.63,109.86,7513898
2015-10-07,109.75,110.14,109.34,109.7,5355489
2015-10-08,109.16,110.27,109.06,109.14,5038194
2015-10-09,110.54,111.05,110.23,110.87,7907263
2015-10-12,111.67,111.7324,111.01,111.31,6257945
2015-10-13,111.36,111.87,111.28,111.86,5149627
2015-10-14,112.63,113.95,112.3,113.81,10207765
2015-10-15,113.2,113.99,112.94,113.29,14083929
2015-10-16,113.24,113.44,112.43,112.49,7328038
2015-10-19,112.64,112.69,111.89,112.02,3959383
2015-10-20,112.38,113.09,112.38,112.73,4903225
2015-10-21,112.37,112.37,111.41,111.73,3908787
2015-10-22,111.52,112.21,111.43,111.69,3436365
2015-10-23,111.81,111.84,110.9601,111.5,4868351
2015-10-26,111.73,111.98,111.33,111.43,2573512
2015-10-27,111.31,111.81,111.29,111.68,2646105
2015-10-28,112.68,113.25,110.31,110.78,8201197
2015-10-29,110.23,110.6,109.66,109.72,5150835
2015-10-30,109.5,109.58,109.06,109.3,5543162
2015-11-02,108.64,108.84,108.46,108.59,5843311
2015-11-03,107.79,107.8094,106.68,106.98,7145264
2015-11-04,107.02,107.09,105.92,105.97,7617813
2015-11-05,106.01,106.1,105.58,105.64,5931124
2015-11-06,104.17,104.42,104.02,104.1,8831874
2015-11-09,104.29,104.58,104.19,104.4,4129199
2015-11-10,104.09,104.65,103.87,104.18,4450764
2015-11-11,104.09,104.23,103.78,103.83,3527590
2015-11-12,103.09,104.32,103.04,103.85,6300546
2015-11-13,103.54,103.74,103.45,103.56,3224207
2015-11-16,103.98,104.03,103.515,103.71,2951244
2015-11-17,103.38,103.3999,101.98,102.34,8593070
2015-11-18,102.39,102.95,102.04,102.43,5043766
2015-11-19,103.07,104.09,103.07,103.56,5087639
2015-11-20,103.58,103.66,102.97,103.09,5971643
2015-11-23,102.48,102.75,102.16,102.26,4042473
2015-11-24,103.12,103.25,102.69,102.94,3479620
2015-11-25,102.47,102.69,102.21,102.46,2931291
2015-11-27,101.01,101.62,100.99,101.25,4993553
2015-11-30,101.53,102.38,101.52,101.92,6772983
2015-12-01,102.3,102.43,101.81,102.28,4645916
2015-12-02,101.35,101.35,100.53,100.69,10223492
2015-12-03,101.23,101.97,100.845,101.76,6499935
2015-12-04,102.74,104.21,102.65,104.02,10670249
2015-12-07,103.32,103.37,102.5,102.67,4393461
2015-12-08,103.13,103.26,102.53,102.84,3412291
2015-12-09,103.63,103.66,102.32,102.64,6026283
2015-12-10,102.51,102.825,102.34,102.55,3853545
2015-12-11,101.91,103.32,101.85,103.11,6798411
2015-12-14,102.58,102.72,101.74,101.79,5563778
2015-12-15,101.71,102.06,101.41,101.52,6831064
2015-12-16,102.59,103.2,101.66,102.75,8292194
2015-12-17,100.92,100.99,100.2326,100.5,10156223
2015-12-18,101.35,102.53,101.3,102.04,8345864
2015-12-21,102.95,103.52,102.83,103.15,6378892
2015-12-22,103.09,103.2,102.5599,102.61,4123512
2015-12-23,102.4,102.59,102.21,102.31,2821380
2015-12-24,102.82,103.05,102.77,103.05,1710153
2015-12-28,102.48,102.5962,102.03,102.27,3356190
2015-12-29,102.52,102.58,102.11,102.2,2832238
2015-12-30,101.47,101.6,101.345,101.42,3744959
2015-12-31,101.48,101.72,101.31,101.46,3823564
2016-01-04,103.13,103.67,102.485,102.89,6439982
2016-01-05,103.13,103.46,102.93,103.18,3500272
2016-01-06,104.37,104.8,103.93,104.67,9316599
2016-01-07,105.83,106.237,105.19,106.15,11730376
2016-01-08,105.48,105.8,105.04,105.68,7678153
2016-01-11,105.47,105.566,104.71,104.74,6272359
2016-01-12,104.09,104.59,103.65,104.21,5540231
2016-01-13,103.89,104.8199,103.78,104.72,7324203
2016-01-14,103.75,104.18,102.4985,103.02,9989065
2016-01-15,104.92,104.96,103.965,104.08,10052735
2016-01-19,104.06,104.45,103.65,103.98,4588405
2016-01-20,105.17,106.16,104.94,105.37,10120876
2016-01-21,104.99,105.49,104.515,105.49,5425032
2016-01-22,104.93,105.51,104.76,105,4185326
2016-01-25,105.76,106.09,105.6,106.08,6819409
2016-01-26,106.32,107.43,106.255,107.29,8443381
2016-01-27,106.86,107.93,106.65,107.69,8273353
2016-01-28,106.55,106.86,106.48,106.54,5914192
2016-01-29,106.61,107,106.26,106.9492,8098682
2016-02-01,107.54,108.15,107.53,108.05,10471814
2016-02-02,107.92,108.18,107.35,108.09,6656018
2016-02-03,107.91,109.58,107.9,109.25,15785215
2016-02-04,110.45,110.7,109.92,110.57,13213681
2016-02-05,109.79,112.35,109.58,112.32,14777267
2016-02-08,113.67,114.8692,113.39,113.83,28341176
2016-02-09,114.43,114.69,113.55,113.58,18156696
2016-02-10,113.92,114.52,112.98,114.46,13311118
2016-02-11,118.59,120.84,117.77,119.0592,49138983
2016-02-12,118.12,118.74,117.88,118.36,16981163
2016-02-16,116,116.31,114.74,114.77,14601662
2016-02-17,115.47,116.07,114.89,115.48,10582440
2016-02-18,115.3,118.595,115.29,118.29,13586529
2016-02-19,117.26,117.965,117.1,117.58,15191950
2016-02-22,115.44,116.19,115.41,115.49,10677842
2016-02-23,116.68,117.42,116.52,117.22,9033429
2016-02-24,119,119.86,117.35,117.61,17938767
2016-02-25,117.62,118.91,117.5401,117.92,12500275
2016-02-26,117.43,117.72,115.8637,117.11,12505077
2016-02-29,117.59,118.7,117.53,118.64,11517545
2016-03-01,118.74,119.11,117.34,117.77,14139278
2016-03-02,118.34,118.97,118.07,118.68,8903045
2016-03-03,118.86,121.3,118.81,120.73,18724053
2016-03-04,121.13,122.37,120.22,120.54,16261054
2016-03-07,121.18,121.5801,120.41,121.14,9358611
2016-03-08,121.79,121.88,120.47,120.58,11530989
2016-03-09,119.2,120.39,118.84,119.58,8672862
2016-03-10,120.5,121.76,120.42,121.5,18104896
2016-03-11,121.19,121.385,119.36,119.41,10812322
2016-03-14,120.27,120.31,117.5,117.87,14236159
2016-03-15,117.78,118.04,117.36,117.96,9941816
2016-03-16,117.42,120.76,117.34,120.59,17333961
2016-03-17,121.16,121.18,120.03,120.13,9914349
2016-03-18,119.59,120.34,119.51,119.8,16965893
2016-03-21,119,119.33,118.73,118.96,7240640
2016-03-22,119.73,120.16,118.96,119.31,6786752
2016-03-23,116.74,117.12,116.16,116.61,15993672
2016-03-24,116.77,116.94,116.3,116.33,6280937
2016-03-28,116.73,116.91,116.27,116.6,3879076
2016-03-29,117.36,118.81,116.8,118.76,14472350
2016-03-30,117.88,118.2,116.91,117.1,10769071
2016-03-31,118.161,118.39,117.6,117.64,9348249
2016-04-01,116.08,116.98,115.55,116.93,10405379
2016-04-04,116.67,116.73,116.07,116.15,7643738
2016-04-05,117.76,117.93,117.15,117.66,8865906
2016-04-06,116.7,117.385,116.26,116.94,7549435
2016-04-07,118.65,118.85,115,118.61,11900452
2016-04-08,118.07,118.77,117.98,118.43,9078874
2016-04-11,119.47,120.3,119.42,120.03,9845964
2016-04-12,120.23,120.345,119.55,120.05,9689464
2016-04-13,119.37,119.43,118.56,118.77,8841545
2016-04-14,118.09,118.1869,116.95,117.11,13165804
2016-04-15,117.33,118.12,117.19,117.92,7838146
2016-04-18,118.53,118.56,117.63,117.74,5809803
2016-04-19,119.87,120.09,119.37,119.58,21031520
2016-04-20,119.67,120.08,118.721,118.97,10233193
2016-04-21,120.42,120.55,119.13,119.42,14612767
2016-04-22,118.71,119.02,117.28,117.89,10047007
2016-04-25,118.14,118.7122,118.11,118.23,4369353
2016-04-26,118.79,118.89,118.45,118.7,9906835
2016-04-27,118.97,119.7,118.43,119.04,7976411
2016-04-28,119.92,121.42,119.7301,121.29,15133641
2016-04-29,122.43,123.93,122.34,123.65,19043902
2016-05-02,123.78,123.96,123.045,123.24,12137459
2016-05-03,123.73,123.82,122.51,122.96,9063588
2016-05-04,122.85,123.23,121.51,122.21,9398242
2016-05-05,122.63,122.7325,121.25,122.07,8846907
2016-05-06,122.83,123.805,122.5876,123.18,11366823
2016-05-09,121.2,121.285,120.59,120.65,9236166
2016-05-10,120.74,121.38,120.08,120.98,9844957
2016-05-11,121.85,122.16,121.38,122.12,7590081
2016-05-12,122.02,122.39,121,121.16,7447120
2016-05-13,121.09,121.86,120.66,121.71,7672825
2016-05-16,122.93,122.97,121.38,121.8,7103042
2016-05-17,121.58,122.52,121.48,122.22,8619848
2016-05-18,121.22,121.92,119.88,120.1,13381728
2016-05-19,119,119.975,118.9201,119.87,14339652
2016-05-20,120.19,120.32,119.31,119.71,10379355
2016-05-23,118.86,119.6,118.75,119.37,8628234
2016-05-24,118.17,118.23,117.25,117.3,12772047
2016-05-25,116.59,117.0599,116.32,116.98,10499963
2016-05-26,117.57,117.63,116.39,116.58,5893510
2016-05-27,116.27,116.36,115.29,115.62,8686689
2016-05-31,115.76,116.4,115.5,116.06,8187605
2016-06-01,115.97,116.135,115.2,115.94,8399598
2016-06-02,115.78,115.97,115.58,115.67,4591562
2016-06-03,118.25,118.89,118.23,118.88,14605056
2016-06-06,118.89,119.17,118.455,118.92,9887863
2016-06-07,118.5,119.02,118.41,118.82,4602865
2016-06-08,120.3,120.78,120.23,120.58,11661736
2016-06-09,120.61,121.4829,120.55,121.25,12173954
2016-06-10,121.55,122.1,121.175,121.74,13939966
2016-06-13,122.8,122.83,122.03,122.64,12594223
2016-06-14,123,123.06,122.3,122.77,11651694
2016-06-15,122.52,123.87,122.38,123.68,15053005
2016-06-16,125.17,125.67,122.23,122.38,26635004
2016-06-17,123.26,124.1,122.69,123.95,15573825
2016-06-20,122.26,123.33,122.13,123.21,11866200
2016-06-21,121.65,121.86,120.77,120.84,14585633
2016-06-22,120.83,121.25,120.68,120.9,7861000
2016-06-23,120.48,121.03,120.06,120.11,10704904
2016-06-24,126.62,126.82,125,126.01,35782892
2016-06-27,126.44,127.05,125.83,126.68,21400484
2016-06-28,125.56,126.02,125.06,125.32,16001451
2016-06-29,125.91,126.81,125.7,125.84,12218444
2016-06-30,125.95,126.52,125.5,126.47,15981577
2016-07-01,127.66,128.42,127.44,128.41,14940706
2016-07-05,128.8,129.59,128.17,129.47,19026247
2016-07-06,130.5,131.15,129.82,130.23,17376671
2016-07-07,129.82,130.12,128.98,129.74,16508526
2016-07-08,129.85,130.52,128.97,130.52,17634218
2016-07-11,129.49,129.895,129.16,129.29,10855630
2016-07-12,128.52,128.54,126.99,127.15,26459620
2016-07-13,128,128.43,127.61,128.32,7377686
2016-07-14,126.31,127.37,126.03,127.33,12132423
2016-07-15,126.38,127.19,126.33,126.84,13892073
2016-07-18,127.02,127.5,126.63,127.04,8489677
2016-07-19,126.95,127.35,126.82,127.21,5170665
2016-07-20,125.5,126.12,125.31,125.39,11777708
2016-07-21,125.66,127.37,125.6,127.3,9399212
2016-07-22,126.43,126.52,126.01,126.35,7716032
2016-07-25,125.53,126.21,125.11,125.47,13139408
2016-07-26,126.09,126.14,125.745,126,7613155
2016-07-27,126.79,128.12,126.04,128.03,17066363
2016-07-28,128.09,128.2,127.205,127.66,9261756
2016-07-29,128.42,129.41,127.88,128.98,13708194
2016-08-01,128.57,129.34,128.56,129.22,7109898
2016-08-02,130.04,130.55,129.9449,130.27,7652767
2016-08-03,129.95,129.96,129.27,129.65,5010703
2016-08-04,130.01,130.28,129.82,129.87,4908131
2016-08-05,128.46,128.5466,127.39,127.55,16205122
2016-08-08,127.29,127.7,127.274,127.44,6773804
2016-08-09,127.94,128.14,127.75,127.96,7500421
2016-08-10,129.12,129.2006,128.15,128.56,6196202
2016-08-11,128.61,129.19,127.475,127.67,9763821
2016-08-12,129.12,129.26,127.2,127.4,15395846
2016-08-15,127.62,128.25,127.6,127.84,4530841
2016-08-16,128.12,129.04,128,128.47,8678143
2016-08-17,128.17,128.99,127.46,128.5,12034752
2016-08-18,128.89,129.17,128.58,129.11,9500636
2016-08-19,128.08,128.67,127.855,127.97,10660119
2016-08-22,127.63,127.92,127.45,127.78,8627222
2016-08-23,128.14,128.22,127.61,127.76,9038482
2016-08-24,126.92,126.9663,126.295,126.34,13539655
2016-08-25,125.98,126.31,125.96,126.23,5926294
2016-08-26,126.88,128.11,125.82,126.05,17967738
2016-08-29,126,126.48,125.93,126.3,5562409
2016-08-30,125.73,125.95,124.88,125.03,9877044
2016-08-31,124.73,125.11,124.64,124.78,13324105
2016-09-01,124.67,125.51,124.55,125.29,12877745
2016-09-02,126.29,126.57,125.58,126.57,11318572
2016-09-06,127.4,129.08,127.27,128.71,15115279
2016-09-07,128.79,128.86,128.12,128.27,8859847
2016-09-08,128.16,128.52,127.4,127.59,10561791
2016-09-09,127.24,127.51,126.7,126.75,12485597
2016-09-12,126.31,126.92,125.97,126.59,11140336
2016-09-13,126.47,126.6,125.53,125.75,8866372
2016-09-14,126.1,126.54,126.03,126.18,5820694
2016-09-15,125.73,126.1,124.91,125.37,12978856
2016-09-16,124.81,125.245,124.67,125.06,18995065
2016-09-19,125.61,125.62,125.25,125.32,4959637
2016-09-20,125.31,125.59,125.17,125.44,5672021
2016-09-21,126.33,127.42,125.96,127.27,13646448
2016-09-22,127.57,128.2,127.5,127.57,15188007
2016-09-23,127.6,127.86,127.43,127.65,7702291
2016-09-26,127.96,128.035,127.42,127.55,5842740
2016-09-27,126.86,126.9,126.341,126.62,6220662
2016-09-28,126.25,126.4,125.73,126.22,6757652
2016-09-29,125.84,126.34,125.54,126.07,7448407
2016-09-30,126.52,126.55,125.235,125.64,11204261
2016-10-03,125.32,125.46,124.9,125.32,9044105
2016-10-04,123.16,123.18,120.86,120.97,24372722
2016-10-05,121.33,121.59,120.4,120.78,14718120
2016-10-06,119.69,119.98,119.24,119.66,17917672
2016-10-07,120.49,120.58,118.42,119.74,17907270
2016-10-10,120.16,120.42,119.92,120.16,4514368
2016-10-11,119.92,120.16,119.53,119.55,6065330
2016-10-12,119.72,120.07,119.289,119.74,4848622
2016-10-13,120,120.42,119.8,120.03,7184647
2016-10-14,119.37,120.16,119.29,119.36,6577309
2016-10-17,119.7,119.92,119.58,119.68,4777878
2016-10-18,120.08,120.64,119.82,120.42,4919730
2016-10-19,121.13,121.4565,120.89,121.11,6019772
2016-10-20,121.39,121.59,120.63,120.74,6496724
2016-10-21,120.9,120.925,120.55,120.83,6707783
2016-10-24,121.28,121.3,120.16,120.56,5481119
2016-10-25,120.89,121.76,120.855,121.47,6141110
2016-10-26,121.37,121.53,120.61,120.79,3905914
2016-10-27,121.11,121.18,120.75,121.01,4335994
2016-10-28,121.2,122.48,120.81,121.58,11639887
2016-10-31,121.51,122,121.23,121.94,7722055
2016-11-01,122.8,123.21,122.57,122.73,13384307
2016-11-02,123.76,124.76,123.56,123.64,15692420
2016-11-03,123.36,124.33,123.35,124.3,10093107
2016-11-04,124.4,124.54,124.04,124.39,8594613
2016-11-07,122.66,122.71,121.88,122.15,10014986
2016-11-08,122.12,123.09,121.36,121.64,9480647
2016-11-09,124.3,124.35,121.105,121.56,18236450
2016-11-10,121.52,121.54,119.38,119.75,22267962
2016-11-11,119.65,119.69,116.23,117.1,20381828
2016-11-14,116.12,117.14,115.49,116.11,20729377
2016-11-15,116.46,117.24,116.29,117.12,9348572
2016-11-16,117.27,117.27,116.58,116.77,5486129
2016-11-17,116.91,117.22,115.44,116.17,10342274
2016-11-18,115.52,115.77,114.96,115.15,10444285
2016-11-21,115.72,115.94,115.29,115.58,6654155
2016-11-22,115.72,115.79,114.98,115.54,6391928
2016-11-23,113.87,113.88,112.65,113.25,20982117
2016-11-25,113.42,113.51,112.35,112.61,5345889
2016-11-28,113.23,113.84,112.77,113.8,5655402
2016-11-29,112.76,113.48,112.6901,113.27,7438616
2016-11-30,112.69,112.79,111.5,111.75,10925538
2016-12-01,111.11,111.99,110.63,111.54,10236970
2016-12-02,111.89,112.32,111.78,112.14,7416468
2016-12-05,111.15,112.11,110.31,111.54,10187891
2016-12-06,111.69,112.03,111.19,111.43,5533689
2016-12-07,112.13,112.5,111.77,111.83,4901840
2016-12-08,111.72,111.8711,111.46,111.57,5977792
2016-12-09,111.18,111.25,110.19,110.4,10507697
2016-12-12,110.59,111.11,110.2659,110.82,6156717
2016-12-13,110.57,110.79,110.06,110.45,7961600
2016-12-14,110.95,110.98,108.52,108.83,12933647
2016-12-15,107.85,107.99,107,107.34,14427539
2016-12-16,107.95,108.78,107.475,108.05,10602807
2016-12-19,108.6,108.88,108.34,108.59,5339066
2016-12-20,107.47,107.997,107.2942,107.79,7321100
2016-12-21,108.25,108.3125,107.68,107.85,5188680
2016-12-22,107.68,108.1,107.49,107.59,4942759
2016-12-23,107.84,108.25,107.8,107.93,5012242
2016-12-27,108.61,108.67,108.24,108.56,3685504
2016-12-28,108.4,108.91,108.29,108.86,5091228
2016-12-29,109.23,110.53,109.16,110.29,7563896
2016-12-30,110.38,110.62,109.53,109.61,8873725
2017-01-03,109.62,111,109.37,110.47,7527353
2017-01-04,111.06,111.22,110.61,110.86,4904119
2017-01-05,112.16,112.94,112.07,112.58,9606761
2017-01-06,111.81,112.38,111.57,111.75,7686070
2017-01-09,112.39,113.0399,112.18,112.67,5674636
2017-01-10,112.94,113.45,112.635,113.15,6093404
2017-01-11,112.87,114.19,112.17,113.5,9918689
2017-01-12,114.52,114.93,113.805,113.91,8457319
2017-01-13,113.65,114.31,113.19,114.21,7261454
2017-01-17,115.89,115.96,115.495,115.85,9142370
2017-01-18,115.74,115.92,114.56,114.87,6498109
2017-01-19,114.32,114.96,113.935,114.77,6437008
2017-01-20,114.65,115.76,114.32,115.05,12261510
2017-01-23,115.51,116.17,115.2,115.79,6373102
2017-01-24,115.69,116.02,114.94,115.27,5798840
2017-01-25,114.14,114.44,113.68,114.32,6697523
2017-01-26,113.24,113.505,112.83,113.26,5390463
2017-01-27,112.93,113.545,112.81,113.49,6706570
2017-01-30,113.61,114.3,113.535,113.97,7687782
2017-01-31,115.27,115.8173,115.18,115.55,10421882
2017-02-01,114.66,115.45,114.14,115.2,6932889
2017-02-02,116.26,116.57,115.625,115.84,7189461
2017-02-03,115.73,116.365,115.71,116.13,9455464
2017-02-06,117.07,117.74,116.74,117.7,8547843
2017-02-07,117.31,117.74,117.2,117.46,8621039
2017-02-08,118.09,118.59,117.81,118.19,9633443
2017-02-09,118.32,118.58,117.2,117.29,8177210
2017-02-10,116.68,117.86,116.67,117.6,9072146
2017-02-13,116.73,116.95,116.15,116.8,7354924
2017-02-14,117.51,117.56,116.38,116.93,6927842
2017-02-15,116.33,117.48,116.2466,117.45,7088419
2017-02-16,117.93,118.35,117.83,118.08,6378650
2017-02-17,118.19,118.4,117.6201,117.68,7338065
2017-02-21,117.04,118,116.77,117.75,6166875
2017-02-22,117.86,118.02,117.24,117.91,6057179
2017-02-23,118.76,119.155,118.675,118.94,7523304
2017-02-24,119.74,119.88,119.25,119.7,9808957
2017-02-27,119.73,120.4,119.12,119.12,9263499
2017-02-28,119.71,119.84,118.82,119.23,8727832
2017-03-01,117.98,119.12,117.95,119.06,8679637
2017-03-02,117.76,118.34,117.225,117.58,10986262
2017-03-03,116.95,117.73,116.44,117.51,10665818
2017-03-06,117.35,117.35,116.63,116.72,4883547
2017-03-07,116.13,116.25,115.615,115.78,6846277
2017-03-08,114.99,115.36,114.945,115.06,7620924
2017-03-09,114.78,115.025,114.405,114.47,6410916
2017-03-10,114.45,114.73,114.13,114.72,7929500
2017-03-13,114.63,114.91,114.505,114.74,5807391
2017-03-14,114.54,115.01,114.025,114.12,5301810
2017-03-15,114.29,116.25,114.02,116.25,13524082
2017-03-16,117.27,117.29,116.69,116.73,9322018
2017-03-17,117.04,117.27,116.91,116.99,4683039
2017-03-20,117.31,117.595,117.205,117.5645,4000202
2017-03-21,117.77,118.8,117.76,118.54,9567932
2017-03-22,118.87,119.15,118.68,118.83,7287350
2017-03-23,119.15,119.25,118.32,118.67,6201129
2017-03-24,118.5,119.21,118.39,118.86,6879634
2017-03-27,119.93,120.08,119.27,119.53,8519573
2017-03-28,119.74,119.83,118.78,119.04,7112787
2017-03-29,119.22,119.45,119.047,119.33,4910528
2017-03-30,118.77,119.12,118.32,118.47,6894572
2017-03-31,118.61,119.08,118.46,118.72,8520847
2017-04-03,118.69,119.37,118.67,119.35,6105704
2017-04-04,119.59,119.77,119.38,119.62,4687301
2017-04-05,118.62,119.63,118.4,119.62,8105952
2017-04-06,119.22,119.42,118.975,119.18,4633470
2017-04-07,120.3,120.67,119.14,119.46,12351114
2017-04-10,119.04,119.69,118.85,119.46,4623673
2017-04-11,120.33,121.4,120.29,121.19,12455294
2017-04-12,121.38,122.22,121.14,122.02,9502540
2017-04-13,122.54,122.65,122.03,122.6,9892641
2017-04-17,122.55,123.07,121.99,122.24,8469580
2017-04-18,122.43,123.0292,121.73,122.82,10903701
2017-04-19,122.25,122.26,121.28,121.73,8472702
2017-04-20,121.82,122.17,121.5,121.96,11787330
2017-04-21,122.14,122.61,121.73,122.31,15608031
2017-04-24,120.77,121.51,120.6601,121.48,11053559
2017-04-25,120.53,120.87,120.05,120.25,10340290
2017-04-26,120.21,120.96,119.87,120.84,9758844
2017-04-27,120.42,120.5975,119.97,120.39,8266954
2017-04-28,120.34,120.77,120.27,120.77,9134246
2017-05-01,120.21,120.75,119.35,119.67,9331809
2017-05-02,119.3,119.65,119.24,119.65,4900784
2017-05-03,119.18,119.34,117.92,117.98,10811052
2017-05-04,116.81,117.28,116.63,116.79,12406931
2017-05-05,116.86,117.07,116.68,117.01,7127199
2017-05-08,117.03,117.14,116.68,116.75,5438375
2017-05-09,116.18,116.24,115.56,116.05,6801280
2017-05-10,116.42,116.4999,115.86,116.04,4290459
2017-05-11,116.21,116.845,116.185,116.5,6274368
2017-05-12,117.07,117.16,116.73,116.83,5434477
2017-05-15,117.52,117.54,116.99,117.14,5019589
2017-05-16,117.45,117.91,117.4,117.65,4942822
2017-05-17,119.36,120.02,119.27,119.79,13936876
2017-05-18,119.77,119.84,118.56,118.81,10341141
2017-05-19,119.39,119.545,118.88,119.4,6787254
2017-05-22,119.63,120.14,119.58,119.9,5132485
2017-05-23,120.13,120.19,118.9841,119.14,8305434
2017-05-24,119.07,119.7425,118.915,119.61,7064911
2017-05-25,119.52,119.695,119.29,119.48,4105092
2017-05-26,120.49,120.79,120.33,120.54,6791648
2017-05-30,120.24,120.33,119.95,120.14,4507493
2017-05-31,120.31,121.23,120.26,120.62,10360724
2017-06-01,120.17,120.74,120.06,120.72,8702543
2017-06-02,121.31,121.71,121.19,121.61,7268054
2017-06-05,121.91,121.94,121.58,121.73,3979162
2017-06-06,123.09,123.31,122.77,123.1,10798527
2017-06-07,122.79,123.16,122.015,122.45,9039175
2017-06-08,122.07,122.08,120.95,121.65,8169807
2017-06-09,120.46,120.91,120.4,120.54,7054664
2017-06-12,120.33,120.685,120.265,120.36,4927375
2017-06-13,119.95,120.71,119.92,120.48,3786628
2017-06-14,121.51,121.88,119.57,119.82,21124841
2017-06-15,119.22,119.5,119.1275,119.32,6796668
2017-06-16,119.35,119.5,119.24,119.34,6435674
2017-06-19,118.74,118.84,118.33,118.43,6786973
2017-06-20,118.42,118.46,118.07,118.18,4617387
2017-06-21,118.15,118.66,118.15,118.52,4723749
2017-06-22,119.13,119.1978,118.6,118.92,5811927
2017-06-23,119.65,119.66,119.31,119.43,9258628
2017-06-26,118.29,118.535,118.17,118.36,6593380
2017-06-27,118.87,119.05,118.481,118.81,5759344
2017-06-28,119.06,119.06,118.685,118.9,4220130
2017-06-29,117.97,118.64,117.91,118.32,7705165
2017-06-30,118.08,118.41,117.95,118.02,7272612
2017-07-03,116.54,116.85,115.94,116.09,12145049
2017-07-05,115.91,116.67,115.87,116.52,7223256
2017-07-06,116.58,116.61,116.24,116.47,4443390
2017-07-07,115.78,115.79,114.8,115.28,11153608
2017-07-10,115.02,115.57,114.83,115.47,4970886
2017-07-11,115.26,115.77,114.88,115.62,6637939
2017-07-12,116.21,116.33,115.87,116.03,4654361
2017-07-13,116.04,116.04,115.67,115.82,4148935
2017-07-14,117.04,117.25,116.64,116.77,5788219
2017-07-17,117.42,117.53,117.23,117.29,5170849
2017-07-18,117.99,118.33,117.88,118.11,7158573
2017-07-19,118.18,118.27,117.8363,118.08,3205142
2017-07-20,117.92,118.62,117.66,118.24,5571648
2017-07-21,119,119.39,118.751,119.26,10135919
2017-07-24,119.52,119.5762,119.18,119.31,3654331
2017-07-25,118.99,119.32,118.79,118.92,6202988
2017-07-26,118.57,120.15,118.55,119.88,8527944
2017-07-27,120.1,120.14,119.28,119.79,6385216
2017-07-28,120.15,120.8558,120.14,120.69,7393606
2017-07-31,120.5,120.805,120.45,120.75,3944561
2017-08-01,120.44,121.14,120.44,120.65,7365056
2017-08-02,120.51,121.02,120.34,120.4,5945279
2017-08-03,120.31,120.83,120.31,120.59,4275576
2017-08-04,119.97,120.039,119.2201,119.65,8644781
2017-08-07,119.43,119.79,119.43,119.51,3010138
2017-08-08,120.02,120.12,118.97,119.86,7227220
2017-08-09,121.02,121.55,120.76,121.31,9186236
2017-08-10,122.08,122.44,122.03,122.21,9817872
2017-08-11,122.24,122.83,122.03,122.79,8019519
2017-08-14,121.98,122.24,121.6845,121.92,6035297
2017-08-15,120.6,121.2299,120.5828,120.98,6731340
2017-08-16,120.66,122.06,120.66,121.87,8267341
2017-08-17,122.29,122.6099,121.76,122.49,8183805
2017-08-18,123.37,123.54,122,122.3,13654226
2017-08-21,122.54,122.981,122.5,122.76,5549687
2017-08-22,122.56,122.56,121.85,122.21,6493937
2017-08-23,122.58,122.69,122.31,122.67,5038391
2017-08-24,122.39,122.64,122.13,122.29,4193396
2017-08-25,122.77,123.02,121.29,122.74,12398247
2017-08-28,123.33,124.73,123.33,124.69,11578265
2017-08-29,125.81,125.87,124.0545,124.42,9861471
2017-08-30,124.33,124.62,124.16,124.36,6328422
2017-08-31,124.58,125.84,124.55,125.82,11775530
2017-09-01,126.01,126.17,125.12,126.06,11567404
2017-09-05,126.65,127.78,126.57,127.46,11813065
2017-09-06,127.34,127.44,126.55,126.81,10059273
2017-09-07,127.56,128.32,127.39,128.13,10219719
2017-09-08,128.205,128.3,127.59,127.97,9020001
2017-09-11,126.74,126.94,126.045,126.19,9126591
2017-09-12,126.03,126.59,125.94,126.56,8349012
2017-09-13,126.4,126.45,125.5,125.61,8490963
2017-09-14,125.66,126.44,125.62,126.16,5330663
2017-09-15,125.99,125.99,125.41,125.53,8375074
2017-09-18,124.71,124.76,123.965,124.36,8859807
2017-09-19,124.49,124.65,124.03,124.62,5826537
2017-09-20,124.68,125.0599,123.15,123.62,11415431
2017-09-21,122.56,123.07,122.49,122.68,7757897
2017-09-22,123.03,123.39,122.9348,123.24,6011928
2017-09-25,122.78,124.66,122.71,124.53,10257209
2017-09-26,123.57,123.81,122.9,123.14,8673582
2017-09-27,122.04,122.51,121.88,121.98,6903944
2017-09-28,122.04,122.475,121.83,122.21,5968213
2017-09-29,122.29,122.3,121.55,121.58,10207991
2017-10-02,121.17,121.34,120.74,120.77,11755378
2017-10-03,120.72,121.1,120.7041,120.83,3728655
2017-10-04,121.21,121.27,120.7101,121.17,6475238
2017-10-05,121.15,121.24,120.395,120.52,6205423
2017-10-06,120.26,121.21,119.7835,121.09,10013282
2017-10-09,121.64,122.11,121.551,122.08,5264116
2017-10-10,122.62,122.97,122.36,122.4,9315476
2017-10-11,122.57,122.88,122.03,122.79,5649430
2017-10-12,122.84,123.035,122.5,122.89,3037576
2017-10-13,123.66,123.86,123.34,123.82,6820348
2017-10-16,123.82,123.97,122.57,122.97,8201979
2017-10-17,122.03,122.32,121.73,122.13,7041261
2017-10-18,121.71,121.94,121.55,121.67,3666407
2017-10-19,122.2,122.55,122.111,122.39,5567279
2017-10-20,121.68,121.98,121.39,121.61,8481102
2017-10-23,120.98,121.9,120.96,121.8,5069650
2017-10-24,121.26,121.71,120.98,121.33,5114120
2017-10-25,121.31,121.5899,120.84,121.35,4282369
2017-10-26,121.16,121.16,120.22,120.33,6438806
2017-10-27,120.38,120.99,120.21,120.9,6664180
2017-10-30,120.93,121.47,120.8,121.13,5119241
2017-10-31,120.82,120.84,120.38,120.67,3910495
2017-11-01,120.98,121.55,120.835,121.11,4647787
2017-11-02,121.29,121.96,121.05,121.19,5369504
2017-11-03,121.36,121.43,120.1844,120.62,6330642
2017-11-06,120.72,121.85,120.68,121.65,6953772
2017-11-07,121.51,121.56,120.78,121.21,4165933
2017-11-08,121.95,122.25,121.59,121.63,5565212
2017-11-09,121.85,122.41,121.73,122.13,6072442
2017-11-10,121.99,122.11,120.935,121.13,7116200
2017-11-13,121.43,121.55,121.27,121.31,6249346
2017-11-14,120.9,121.91,120.77,121.56,6188992
2017-11-15,122.13,122.36,121.25,121.41,4984812
2017-11-16,121.45,121.71,121.29,121.4,2796545
2017-11-17,122.15,123.17,121.95,122.86,10613955
2017-11-20,122.3,122.41,121.04,121.31,8356673
2017-11-21,121.67,122,121.5,121.51,4956456
2017-11-22,122.26,122.95,122.17,122.63,5211832
2017-11-24,122.36,122.61,122.22,122.32,1779705
2017-11-27,123.26,123.33,122.67,122.83,4961215
2017-11-28,123.05,123.17,122.53,122.81,5603112
2017-11-29,122.24,122.33,121.74,122.04,6138941
2017-11-30,121.44,121.695,120.64,121.1,7936260
2017-12-01,120.94,122.43,120.74,121.59,13080101
2017-12-04,121.15,121.2,120.84,121.18,6943679
2017-12-05,120.44,120.505,119.72,120.32,10041159
2017-12-06,120.03,120.44,119.87,120.07,6643006
2017-12-07,119.01,119.24,118.1,118.49,12900240
2017-12-08,118.63,118.92,118.33,118.48,5231287
2017-12-11,118.37,118.54,117.8,118.01,4522244
2017-12-12,117.73,118.17,117.4,118.15,8020109
2017-12-13,118.19,119.35,118.01,119.17,10086657
2017-12-14,119.1,119.285,118.705,118.93,6993592
2017-12-15,119.41,119.5,118.97,119.18,7531964
2017-12-18,119.63,119.99,119.6,119.73,5452212
2017-12-19,119.67,119.9,119.53,119.82,4018885
2017-12-20,119.98,120.36,119.81,120.14,5734625
2017-12-21,120.07,120.45,120,120.31,4823709
2017-12-22,120.67,121.14,120.57,120.94,5791312
2017-12-26,121.55,121.87,121.51,121.77,8224411
2017-12-27,122,122.34,121.875,122.23,6232678
2017-12-28,122.82,122.92,122.56,122.85,5732725
2017-12-29,123.7,124.085,123.46,123.65,7852109
2018-01-02,124.66,125.18,124.39,125.15,11762515
2018-01-03,125.05,125.09,124.101,124.82,7904326
2018-01-04,124.89,125.85,124.74,125.46,7329718
2018-01-05,124.93,125.48,124.83,125.33,5739904
2018-01-08,125.2,125.32,124.9,125.31,3566707
2018-01-09,124.49,124.86,124.23,124.73,9153584
2018-01-10,125.17,125.31,124.72,125.03,14809303
2018-01-11,125.37,125.66,125.25,125.44,5994730
2018-01-12,126.01,127.13,125.81,126.96,9258570
2018-01-16,126.6,127.18,126.4,127.17,8083895
2018-01-17,126.77,127.22,125.9,126.14,10130509
2018-01-18,126.13,126.52,125.8,125.86,6289271
2018-01-19,126.57,126.73,126.41,126.42,8773753
2018-01-22,126.51,126.75,126.28,126.65,4893546
2018-01-23,126.53,127.35,126.34,127.28,6167910
2018-01-24,128.39,129.265,128.2338,128.83,11827554
2018-01-25,128.69,129.515,127.36,127.97,15219664
2018-01-26,128.24,128.52,127.97,128.07,7828744
2018-01-29,127.58,127.63,126.915,127.35,6956392
2018-01-30,127.91,127.9167,126.74,126.8,9736105
2018-01-31,127.45,127.85,126.4,127.65,13418904
2018-02-01,127.18,128.15,127.08,128.07,10854639
2018-02-02,126.81,126.85,125.955,126.39,16789214
2018-02-05,126.82,127.31,126.44,126.71,13596327
2018-02-06,126.54,126.55,125.22,125.38,17672450
2018-02-07,125.48,125.77,124.41,124.79,8558460
2018-02-08,124.92,125.44,124.51,124.98,7343637
2018-02-09,124.65,125.14,124.39,124.77,14140696
2018-02-12,125.19,125.82,125.11,125.37,6984852
2018-02-13,125.67,126.18,125.52,126.08,5321327
2018-02-14,126.47,128.59,126.29,128.23,16416413
2018-02-15,128.43,128.569,127.94,128.38,7276495
2018-02-16,128.3,128.7,127.5689,127.96,7956921
2018-02-20,127.28,127.4,126.04,126.24,11148745
2018-02-21,126.36,126.76,125.44,125.66,7908753
2018-02-22,125.92,126.37,125.88,126.3,5346347
2018-02-23,126.06,126.3,125.85,126.14,4239709
2018-02-26,126.45,126.62,126.18,126.45,3194743
2018-02-27,126.06,126.15,124.59,125.13,7082301
2018-02-28,125.09,125.46,124.81,125,4534884
2018-03-01,124.15,125.31,123.575,124.72,12910071
2018-03-02,125.67,125.69,124.97,125.39,9994341
2018-03-05,125.35,125.48,124.96,125.18,5778343
2018-03-06,126.2,126.9563,126.13,126.53,8676781
2018-03-07,126.22,126.29,125.42,125.72,5158674
2018-03-08,125.69,125.7,125.125,125.42,3474944
2018-03-09,124.94,125.69,124.78,125.54,5066833
2018-03-12,125.04,125.57,124.84,125.54,2884269
2018-03-13,125.67,125.99,125.05,125.78,4798303
2018-03-14,125.49,125.76,125.34,125.7,3777021
2018-03-15,125.12,125.21,124.72,124.9,6130124
2018-03-16,124.84,124.87,124.21,124.6,7402188
2018-03-19,124.57,125.16,124.42,124.87,4335420
2018-03-20,124.41,124.55,123.96,124.31,3399440
2018-03-21,125.4,126.76,125.03,126.48,12532035
2018-03-22,126.09,126.34,125.64,125.98,5298709
2018-03-23,127.82,128.06,127.4054,127.61,12025882
2018-03-26,128.05,128.58,128.0107,128.28,6169843
2018-03-27,127.23,127.62,127.05,127.49,6180707
2018-03-28,126.48,126.61,125.51,125.73,10254883
2018-03-29,125.42,125.81,125.31,125.79,7117156
2018-04-02,126.65,127.54,126.375,127.26,11421144
2018-04-03,126.54,126.59,126.01,126.3,6083717
2018-04-04,127.5,127.53,126.32,126.45,7488254
2018-04-05,125.45,126.0825,125.425,125.8,5332957
2018-04-06,126.57,126.6,126.125,126.39,6121225
2018-04-09,126.45,126.86,126.23,126.82,4189864
2018-04-10,127.02,127.305,126.67,127.12,5403992
2018-04-11,128.09,129.47,127.78,128.11,12348564
2018-04-12,127.25,127.34,126.47,126.62,8141339
2018-04-13,127.07,127.75,127.03,127.45,6821338
2018-04-16,127.74,128.05,127.57,127.63,4600039
2018-04-17,127.02,127.78,127.001,127.75,4184077
2018-04-18,128.32,128.54,127.751,127.85,6755575
2018-04-19,127.81,127.8839,127.13,127.6,8736103
2018-04-20,126.69,126.97,126.55,126.63,10403128
2018-04-23,125.62,125.76,125.3412,125.62,6921519
2018-04-24,125.78,126.34,125.67,126.23,4733107
2018-04-25,125.23,125.51,125.06,125.41,5985694
2018-04-26,125.54,125.57,124.69,124.97,7517135
2018-04-27,125.2,125.62,125.17,125.5,5653996
2018-04-30,124.41,125.2,124.1901,124.59,9830612
2018-05-01,123.9,123.9848,123.39,123.71,7551577
2018-05-02,123.9,124.54,123.58,123.65,7614019
2018-05-03,124.66,124.76,124.24,124.28,4857387
2018-05-04,124.1,124.65,124,124.54,5883574
2018-05-07,124.5,124.7,124.3,124.57,3397508
2018-05-08,124.14,124.95,123.79,124.59,5551078
2018-05-09,124.45,124.87,124.24,124.33,4405593
2018-05-10,125.22,125.3724,124.75,125.18,5218356
2018-05-11,125.57,125.59,124.94,125,4299164
2018-05-14,125.16,125.21,124.44,124.49,3753223
2018-05-15,122.82,122.82,122.13,122.48,10911850
2018-05-16,122.38,122.61,122.03,122.29,4943275
2018-05-17,122.23,122.43,122.04,122.36,7781336
2018-05-18,122.05,122.65,122.01,122.41,6837125
2018-05-21,122.16,122.53,121.97,122.48,4126673
2018-05-22,122.7,122.74,122.34,122.41,4579602
2018-05-23,122.14,122.74,122.11,122.54,7007256
2018-05-24,123.1,123.82,123.08,123.59,8850085
2018-05-25,123.66,123.7,123.21,123.21,7920650
2018-05-29,122.84,123.64,122.66,123.19,9013170
2018-05-30,123.17,123.61,123.17,123.37,4573697
2018-05-31,123.26,123.78,123.1,123.1,7862495
2018-06-01,122.58,123.09,122.44,122.49,8059121
2018-06-04,122.85,122.93,122.37,122.37,4345370
2018-06-05,122.55,123.2257,122.281,122.85,6864209
2018-06-06,123.08,123.35,122.63,122.92,4083702
2018-06-07,122.96,123.145,122.69,122.86,3700745
2018-06-08,123.08,123.12,122.91,123.01,3865667
2018-06-11,123.1,123.42,123.0175,123.23,3201179
2018-06-12,122.95,123.18,122.64,122.82,7279620
2018-06-13,122.84,123.34,122.47,123.19,5867744
2018-06-14,123.63,123.86,123.32,123.38,8015447
2018-06-15,122.18,122.2,120.83,121.34,14536993
2018-06-18,121.35,121.44,120.99,121.11,3845950
2018-06-19,120.81,121.03,120.581,120.8,4925832
2018-06-20,120.79,120.81,120.16,120.26,4548491
2018-06-21,119.92,120.32,119.821,120.05,5681906
2018-06-22,120.21,120.4,120.1,120.34,4518408
2018-06-25,120,120.23,119.8299,119.89,9350195
2018-06-26,119.28,119.59,119.09,119.26,8675447
2018-06-27,118.96,119.05,118.48,118.58,6480501
2018-06-28,118.59,118.67,118.01,118.22,7760936
2018-06-29,118.43,118.94,118.26,118.65,8002828
2018-07-02,118.18,118.21,117.4,117.46,12021957
2018-07-03,118.41,119.08,118.38,118.65,8900973
2018-07-05,118.92,119.33,118.77,119.05,4951873
2018-07-06,118.97,119.03,118.731,118.86,2947058
2018-07-09,119.65,119.73,119.14,119.15,4075297
2018-07-10,118.89,119,118.61,118.93,3754770
2018-07-11,118.45,118.53,117.62,117.64,6974791
2018-07-12,118,118.2638,117.94,118.13,4585460
2018-07-13,117.62,117.75,117.4465,117.61,5444284
2018-07-16,117.51,117.625,117.28,117.55,3670943
2018-07-17,116.72,116.925,116.12,116.28,7939635
2018-07-18,116.03,116.35,115.83,116.31,5391963
2018-07-19,115.13,116.47,115.12,115.81,14227628
2018-07-20,116.4,116.71,116.24,116.56,7892317
2018-07-23,116.25,116.31,115.76,116,6247368
2018-07-24,116.22,116.43,115.91,116.04,4801046
2018-07-25,116.79,116.8366,116.27,116.68,5480914
2018-07-26,116.24,116.51,115.77,115.77,6382946
2018-07-27,115.92,116.2399,115.77,115.83,5242099
2018-07-30,115.8,116.02,115.64,115.65,4157371
2018-07-31,115.47,116.35,115.394,115.99,5508456
2018-08-01,115.63,115.7,115.125,115.14,7941660
2018-08-02,115.17,115.23,114.42,114.52,6204910
2018-08-03,115.09,115.53,114.86,114.92,5953227
2018-08-06,114.56,114.72,114.31,114.33,5811614
2018-08-07,114.85,114.935,114.42,114.59,5188447
2018-08-08,114.75,114.95,114.41,114.91,3809872
2018-08-09,115.02,115.12,114.69,114.74,4252956
2018-08-10,114.81,115.23,114.6076,114.69,6757857
2018-08-13,113.81,113.81,112.83,112.96,9150873
2018-08-14,113.25,113.48,112.84,113.07,7086193
2018-08-15,112.17,112.18,111.06,111.19,12398366
2018-08-16,111.46,111.88,111.1,111.1,7484637
2018-08-17,111.69,112.15,111.38,112.13,8470951
2018-08-20,112.38,112.74,112.16,112.69,5313403
2018-08-21,112.77,113.1,112.44,113.02,5042443
2018-08-22,113.39,113.49,113.07,113.27,6215910
2018-08-23,112.68,112.88,112.06,112.2,5500102
2018-08-24,113.25,114.42,113.21,114.16,9214703
2018-08-27,114.12,114.78,114.12,114.59,4364167
2018-08-28,114.76,114.8666,113.55,113.68,6101386
2018-08-29,114.16,114.21,113.85,114.2,5616329
2018-08-30,113.92,113.93,113.24,113.64,5431837
2018-08-31,113.72,114.06,113.44,113.51,5048673
2018-09-04,112.75,113.07,112.61,112.93,6617486
2018-09-05,113.36,113.44,113.12,113.32,4459202
2018-09-06,113.89,114.26,113.28,113.54,4784729
2018-09-07,113.26,113.6,112.97,113.23,3714023
2018-09-10,113.26,113.43,113,113.15,2316718
2018-09-11,112.65,113.37,112.42,113.22,3791338
2018-09-12,113.12,114.39,113.055,114.17,6315934
2018-09-13,114.72,114.78,113.58,113.76,5636023
2018-09-14,113.79,113.9,112.91,113.02,5375645
2018-09-17,113.6,114.03,113.55,113.61,4727254
2018-09-18,113.79,113.91,113.275,113.44,4737849
2018-09-19,113.94,114.15,113.68,113.88,4223199
2018-09-20,114.21,114.37,113.855,114.27,4384523
2018-09-21,112.8701,113.68,112.79,113.49,6831550
2018-09-24,113.68,113.96,113.43,113.47,4435578
2018-09-25,113.75,113.885,113.57,113.65,3004824
2018-09-26,113.11,113.6,112.66,113.05,8297429
2018-09-27,112.1,112.4156,111.8499,112.05,7683739
2018-09-28,112.16,113,112.07,112.76,6020579
2018-10-01,112.4,112.62,112.15,112.57,3893012
2018-10-02,113.7,114.33,113.61,113.87,10776912
2018-10-03,113.87,114.05,113.26,113.42,6674517
2018-10-04,113.83,114.19,113.255,113.48,6616212
2018-10-05,113.81,114.1,113.57,113.8,7994440
2018-10-08,112.25,112.59,111.9,112.54,12111577
2018-10-09,112.37,112.67,111.97,112.6,8352697
2018-10-10,112.47,112.96,112.25,112.88,10571316
2018-10-11,114.2,116.04,114.09,115.78,26810920
2018-10-12,115.58,115.71,115.08,115.23,12939315
2018-10-15,116.12,116.53,115.89,116,11828366
2018-10-16,116.49,116.6,115.8,115.8,9531769
2018-10-17,115.89,116.33,115.68,115.79,7078639
2018-10-18,115.83,116.41,115.63,115.92,7964106
2018-10-19,116.23,116.24,115.96,116.01,7453947
2018-10-22,115.57,115.7789,115.43,115.71,5200759
2018-10-23,117.16,117.25,116.33,116.39,12704177
2018-10-24,116.38,116.72,116.1101,116.66,8563293
2018-10-25,116.58,116.73,116.19,116.4,8303495
2018-10-26,116.83,117.65,116.46,116.77,15733170
2018-10-29,116.41,116.54,115.84,116.31,8732486
2018-10-30,115.85,116.04,115.635,115.8,7233614
2018-10-31,114.89,115.17,114.66,115.15,11409346
2018-11-01,116.33,117.07,116.18,116.63,13662915
2018-11-02,116.61,116.98,116.39,116.65,8796962
2018-11-05,116.28,116.67,116.23,116.37,6291450
2018-11-06,116.44,116.525,115.74,116.04,7270793
2018-11-07,116.26,116.345,115.9,116.03,8392112
2018-11-08,115.77,116.15,115.5,115.78,7638817
2018-11-09,114.6,114.75,114.14,114.48,14159472
2018-11-12,114.01,114.05,113.58,113.66,7499046
2018-11-13,113.72,113.93,113.42,113.7,9309074
2018-11-14,113.53,115.06,113.46,114.64,13950218
2018-11-15,114.83,114.99,114.56,114.77,8910585
2018-11-16,115.83,115.88,115.37,115.62,8576955
2018-11-19,115.45,115.92,115.37,115.67,8508445
2018-11-20,115.94,115.95,115.37,115.67,9075193
2018-11-21,115.94,116.35,115.86,115.86,8834206
2018-11-23,115.76,115.88,115.585,115.77,3726611
2018-11-26,115.84,115.87,115.53,115.64,4018622
2018-11-27,115.55,115.63,114.6,114.95,9671170
2018-11-28,114.76,116.07,114.59,115.38,13789016
2018-11-29,115.97,116.24,115.56,115.74,6479502
2018-11-30,115.42,115.66,115.04,115.54,8169579
2018-12-03,116.6,116.77,116.295,116.41,8475664
2018-12-04,117.37,117.39,116.931,117.12,7186437
2018-12-06,117.38,117.685,116.92,117.14,9267628
2018-12-07,117.62,118.23,117.54,118.09,10402903
2018-12-10,117.7,117.94,117.42,117.68,8118110
2018-12-11,117.67,117.89,117.35,117.54,6395391
2018-12-12,117.7,117.95,117.6117,117.79,4136781
2018-12-13,117.54,117.62,117.26,117.53,4131770
2018-12-14,116.63,117.3,116.58,117.06,7501660
2018-12-17,117.37,118.03,117.35,117.87,8455007
2018-12-18,117.85,118.2,117.81,118.15,7542875
2018-12-19,118.24,118.96,117.4,117.43,13827509
2018-12-20,119.11,119.74,118.68,119.24,18615143
2018-12-21,119.19,119.25,118.57,118.72,13629830
2018-12-24,119.57,120.14,119.57,120.02,9736359
2018-12-26,120.62,120.995,119.57,119.66,14293459
2018-12-27,120.57,120.895,120.14,120.57,11874408
2018-12-28,120.8,121.08,120.72,121.06,6864842
2018-12-31,120.98,121.26,120.83,121.25,8449441
2019-01-02,121.35,121.75,120.88,121.33,12776155
2019-01-03,121.78,122.46,121.73,122.43,15440840
2019-01-04,121.32,121.6,120.69,121.44,13334368
2019-01-07,122.16,122.22,121.5731,121.86,7473641
2019-01-08,121.15,121.71,121.06,121.53,7643363
2019-01-09,121.45,122.335,121.44,122.31,10555933
2019-01-10,121.98,122.179,121.57,121.59,6672058
2019-01-11,121.74,122.05,121.66,121.8,8622666
2019-01-14,122.15,122.24,121.87,122.09,6477072
2019-01-15,122.28,122.38,121.62,121.88,7512779
2019-01-16,122.04,122.44,122.02,122.27,6878137
2019-01-17,122.03,122.26,121.81,122.11,8558523
2019-01-18,121.23,121.515,121.02,121.02,10896455
2019-01-22,121.18,121.5,120.9,121.45,7896668
2019-01-23,120.96,121.54,120.86,121.28,5224918
2019-01-24,121.16,121.36,120.92,121.09,5662490
2019-01-25,122.02,122.91,122.02,122.86,11103309
2019-01-28,122.75,123.29,122.7178,123.29,8522178
2019-01-29,123.71,124,123.46,123.98,11610204
2019-01-30,123.91,125.07,123.7,124.69,12104563
2019-01-31,125.18,125.23,124.62,124.75,10209516
2019-02-01,124.89,125.05,124.37,124.5,12485496
2019-02-04,123.99,124.29,123.82,123.96,6879187
2019-02-05,124.29,124.42,124.05,124.28,6291367
2019-02-06,124.16,124.1899,123.4,123.44,6595100
2019-02-07,123.8,123.95,123.4367,123.74,5935456
2019-02-08,124.05,124.33,123.9799,124.21,4235221
2019-02-11,123.19,123.82,123.19,123.6,4821904
2019-02-12,123.96,124.03,123.61,123.86,4271869
2019-02-13,123.84,124.55,123.31,123.37,7640509
2019-02-14,123.84,124.2,123.53,124.06,6276529
2019-02-15,124.59,125,124.18,124.8,12190104
2019-02-19,125.98,126.79,125.93,126.7,15614028
2019-02-20,127,127.21,126.31,126.48,8889665
2019-02-21,126.15,126.22,125.05,125.05,8634596
2019-02-22,125.53,125.95,125.39,125.5,5439375
2019-02-25,125.78,125.9,125.23,125.37,4882615
2019-02-26,125.33,125.6171,125.05,125.58,5153511
2019-02-27,125.17,125.226,124.4,124.69,7935647
2019-02-28,124.71,124.71,123.98,123.99,7811731
2019-03-01,123.48,123.96,121.87,121.88,16411743
2019-03-04,121.56,121.85,121.18,121.56,10272586
2019-03-05,121.38,121.73,121.03,121.72,7120090
2019-03-06,121.43,121.64,121.26,121.61,4819443
2019-03-07,121.27,121.71,121.18,121.51,6088768
2019-03-08,122.7,122.89,122.37,122.84,10427747
2019-03-11,122.52,122.54,121.92,122.24,6708655
2019-03-12,122.54,123.03,122.4,122.98,6289860
2019-03-13,123.56,123.88,123.425,123.84,7377297
2019-03-14,122.33,122.545,122.12,122.41,6778443
2019-03-15,123.06,123.4,122.9132,122.97,9412061
2019-03-18,123.3,123.3998,122.89,123.04,7781205
2019-03-19,123.72,123.79,123.34,123.38,6558693
2019-03-20,123.66,124.42,122.65,124.18,11304912
2019-03-21,124.36,124.37,123.11,123.68,7739775
2019-03-22,123.93,124.22,123.73,123.97,5874016
2019-03-25,124.56,125.11,124.4801,124.92,7288343
2019-03-26,124.48,124.51,124.07,124.3,5056224
2019-03-27,124.35,124.375,123.56,123.65,6595016
2019-03-28,122.28,122.355,121.705,121.9,11878328
2019-03-29,122.64,122.75,122.01,122.01,7094201
2019-04-01,122.4,122.43,121.46,121.53,13559963
2019-04-02,121.72,122.01,121.68,121.98,4475195
2019-04-03,121.73,122.01,121.675,121.8,6152734
2019-04-04,121.1,122.24,120.96,122.11,7508760
2019-04-05,121.88,122.13,121.6633,121.98,5114493
2019-04-08,122.97,123.0199,122.4,122.51,4271034
2019-04-09,123.26,123.35,123.03,123.15,4648392
2019-04-10,123.22,123.77,123.19,123.53,6344767
2019-04-11,122.54,122.75,121.79,121.95,11694503
2019-04-12,121.96,122.31,121.8,121.83,5272844
2019-04-15,121.2,121.82,121.095,121.6,4252774
2019-04-16,120.38,120.63,120.19,120.51,10097802
2019-04-17,120.46,120.51,120.195,120.28,4693864
2019-04-18,120.24,120.54,120.15,120.37,4090401
2019-04-22,120.46,120.5,120.27,120.37,2251185
2019-04-23,119.67,120.2,119.55,120.12,5574897
2019-04-24,120.06,120.72,120.04,120.47,4173034
2019-04-25,120.72,121.0962,120.5,120.57,4836857
2019-04-26,121.26,121.67,121.2199,121.37,6022715
2019-04-29,120.88,120.91,120.665,120.83,4469721
2019-04-30,120.89,121.36,120.85,121.2,4758567
2019-05-01,121.03,121.55,120.18,120.4,12331836
2019-05-02,119.69,120.11,119.54,119.94,6759844
2019-05-03,120.56,121.08,120.475,120.65,8414504
2019-05-06,120.61,121.12,120.54,120.81,3479563
2019-05-07,121.02,121.42,120.9067,121.21,4010654
2019-05-08,121.54,121.54,120.77,120.91,4178965
2019-05-09,120.96,121.62,120.86,121.2,5015785
2019-05-10,121.41,121.73,121.3,121.43,4586301
2019-05-13,122.63,122.85,122.325,122.67,11130908
2019-05-14,122.6,122.66,122.12,122.46,5556105
2019-05-15,122.71,122.765,122.2199,122.39,10298968
2019-05-16,122.03,122.0734,121.19,121.51,6349454
2019-05-17,121.03,121.06,120.33,120.65,6589382
2019-05-20,120.51,120.74,120.42,120.64,4345803
2019-05-21,120.08,120.36,119.83,120.36,3845702
2019-05-22,120.35,120.5,120.19,120.24,3741805
2019-05-23,120.82,121.52,120.77,121.17,6054721
2019-05-24,121.13,121.31,120.89,121.3,2324653
2019-05-28,120.8,120.84,120.46,120.83,4303495
2019-05-29,121.11,121.26,120.745,120.87,4133202
2019-05-30,120.96,121.69,120.8,121.69,7757033
2019-05-31,122.55,123.4,122.315,123.33,15367001
2019-06-03,124.09,125.34,123.9,125.11,14173636
2019-06-04,124.88,125.42,124.61,125.15,7997062
2019-06-05,126.18,126.37,125.24,125.47,7637880
2019-06-06,125.93,126.45,125.8,125.88,5551778
2019-06-07,126.79,127.25,126.32,126.59,8145853
2019-06-10,125.46,125.525,125.065,125.33,5409983
2019-06-11,124.94,125.4,124.884,125.18,4757841
2019-06-12,125.6,126.2,125.56,125.83,5756153
2019-06-13,126.03,126.77,125.9599,126.6,5374818
2019-06-14,127.21,127.63,126.26,126.56,9226446
2019-06-17,126.7,126.77,126.17,126.48,4763345
2019-06-18,127.58,127.75,126.39,127.12,10309646
2019-06-19,126.77,127.99,126.7,127.89,11660649
2019-06-20,130.41,131.49,130.185,131.11,18636339
2019-06-21,131.77,132.17,131.07,131.98,15068037
2019-06-24,132.77,134.035,132.58,133.94,17851801
2019-06-25,134.9,135.55,133.21,134.2,24772241
2019-06-26,132.99,133.55,132.41,132.97,12016402
2019-06-27,132.38,132.97,132.26,132.84,8412764
2019-06-28,133.05,133.34,132.61,133.2,8076966
2019-07-01,131.56,131.755,130.55,130.62,13369815
2019-07-02,131.27,133.63,131.16,133.41,13282139
2019-07-03,133.61,134.1,133.23,133.63,6351547
2019-07-05,131.46,132.32,130.81,132.14,11536581
2019-07-08,132.18,132.341,131.28,131.29,8028884
2019-07-09,131.43,132.1,131.1575,131.75,6633439
2019-07-10,132.94,133.87,132.35,133.83,13920593
2019-07-11,133.58,133.7,132.41,132.7,7535133
2019-07-12,132.89,133.69,132.53,133.53,6309451
2019-07-15,133.18,133.53,132.805,133.53,4026583
2019-07-16,133.18,133.3,132.13,132.4,7965981
2019-07-17,133,134.6,132.89,134.58,11288279
2019-07-18,133.83,136.63,133.61,136.48,18466488
2019-07-19,135.45,136.03,133.97,134.47,18079195
2019-07-22,134.56,134.82,134.32,134.45,7570898
2019-07-23,134.43,134.95,133.56,133.69,9981379
2019-07-24,134.59,134.84,133.98,134.37,6715167
2019-07-25,134.24,134.28,133.09,133.42,11708240
2019-07-26,134.24,134.29,133.59,133.64,6249928
2019-07-29,134.06,134.729,133.44,134.53,9162417
2019-07-30,134.76,135.18,134.41,134.98,9458733
2019-07-31,135.03,135.42,133.02,133.21,18797199
2019-08-01,132.42,136.43,132.305,136.41,27719822
2019-08-02,135.39,136.6,135.37,135.89,13753222
2019-08-05,137.93,138.64,137.05,137.79,17519817
2019-08-06,138.33,139.03,138.005,138.91,9471209
2019-08-07,141.28,142.47,140.88,141.02,26671092
2019-08-08,140.9,142.37,140.71,141.73,13108554
2019-08-09,141.28,142.03,140.96,141.26,9485912
2019-08-12,141.67,143.38,141.64,142.63,14864976
2019-08-13,143.17,143.285,139.35,141.78,29930394
2019-08-14,142.9,143.75,142.05,142.75,20672858
2019-08-15,142.96,144.02,142.61,143.7,13501099
2019-08-16,142.75,143.13,141.8,142.78,12184492
2019-08-19,141.33,141.79,140.85,141.11,10558366
2019-08-20,141.77,142.255,141.6,142.21,7479375
2019-08-21,141.62,142.17,141.46,141.76,8118733
2019-08-22,141.39,141.9,141.17,141.4,6847647
2019-08-23,141.84,144.33,141.64,144.17,20290539
2019-08-26,144.35,144.97,143.91,144.19,12200810
2019-08-27,144.3,145.68,144.27,145.57,12857588
2019-08-28,145.39,145.68,144.64,145.16,11454605
2019-08-29,145.4,145.49,143.28,144.12,14764572
2019-08-30,143.84,144.8822,143.02,143.75,9642584
2019-09-03,144.96,146.13,144.741,145.75,15627012
2019-09-04,145.54,146.82,145.5,146.66,11292000
2019-09-05,144.98,145.015,142,143.14,20297877
2019-09-06,143.64,144.06,141.86,141.92,14175216
2019-09-09,142.37,142.46,141.18,141.39,11323819
2019-09-10,141.23,141.525,140.16,140.18,12629208
2019-09-11,140.34,141.26,140.28,141.03,7453049
2019-09-12,142.68,143.1,141.11,141.32,12673707
2019-09-13,141.73,141.99,140.06,140.15,13451701
2019-09-16,141.6,142.05,141.02,141.32,8094567
2019-09-17,141.82,142.11,141.2237,141.6,7046430
2019-09-18,141.93,142.53,139.81,140.71,15071647
2019-09-19,141.57,141.74,141.0851,141.28,8062589
2019-09-20,141.61,143.03,141.46,142.95,12276521
2019-09-23,143.22,143.94,143.07,143.75,9036267
2019-09-24,143.21,144.77,142.88,144.51,10620690
2019-09-25,144.08,144.29,141.44,141.83,11997855
2019-09-26,142.19,142.57,141.56,141.79,8803139
2019-09-27,140.35,141.68,140.16,141.06,9665953
2019-09-30,139.77,140.21,138.03,138.87,15530068
2019-10-01,138.07,140.19,137.8,139.63,12502406
2019-10-02,140.79,141.88,140.462,141.26,11944623
2019-10-03,141.36,143.25,141.29,141.9,12407863
2019-10-04,141.48,142.31,141.14,141.9,9689966
2019-10-07,141.16,141.7709,140.24,140.69,6162696
2019-10-08,142.03,142.29,141.17,141.92,10485490
2019-10-09,142.16,142.58,141.62,142.05,7052811
2019-10-10,141.59,141.66,140.578,140.81,9331584
2019-10-11,139.97,140.19,138.91,140.03,11425535
2019-10-14,140.45,140.82,140.34,140.59,4009169
2019-10-15,140.27,140.3,139.21,139.61,9131732
2019-10-16,140.14,140.53,139.6988,140.41,10363893
2019-10-17,140.5,141.12,140.42,140.61,6224288
2019-10-18,140.5,140.71,140.32,140.46,6416213
2019-10-21,140.72,140.76,139.6,139.79,8314307
2019-10-22,140.13,140.3,139.72,140.2,3885045
2019-10-23,140.59,141,140.5,140.53,4160001
2019-10-24,141.02,141.74,140.93,141.53,6275566
2019-10-25,142.79,142.83,141.4,141.86,6011459
2019-10-28,141.25,141.25,140.4004,140.64,5442028
2019-10-29,140,140.63,139.78,140.25,3835427
2019-10-30,140.54,141.04,139.55,141.02,6992869
2019-10-31,141.98,142.69,141.89,142.43,7050926
2019-11-01,142.21,142.9,142.01,142.56,8089975
2019-11-04,142.26,142.45,141.7446,142.15,4740282
2019-11-05,140.65,140.89,139.38,139.85,11782250
2019-11-06,140.12,140.79,140,140.45,6416469
2019-11-07,140.11,140.2,137.6,138.27,15214223
2019-11-08,137.73,138.33,137.39,137.39,10378201
2019-11-11,137.61,137.79,136.435,137.06,7038053
2019-11-12,137.03,137.59,136.19,137.43,6451809
2019-11-13,137.8,138.22,137.64,137.98,8809752
2019-11-14,138.39,138.94,137.8685,138.56,5220927
2019-11-15,138.03,138.4208,137.971,138.21,10106940
2019-11-18,138.44,138.85,138.3,138.62,5722188
2019-11-19,138.13,138.9716,138.13,138.69,4825641
2019-11-20,138.53,139,138.1,138.76,6894534
2019-11-21,138.39,138.56,137.77,138,4197208
2019-11-22,138.37,138.46,137.66,137.74,3620534
2019-11-25,137.32,137.62,136.99,137.08,6418042
2019-11-26,136.98,137.8,136.58,137.74,4725594
2019-11-27,137.03,137.21,136.83,137.01,4113152
2019-11-29,137.1,138.1341,137.08,137.86,4516421
2019-12-02,137.32,138.09,137.3,137.79,8297366
2019-12-03,139.04,139.57,138.97,139.11,8502789
2019-12-04,139.16,139.165,138.59,138.92,6326512
2019-12-05,138.8,139.45,138.79,139,5674471
2019-12-06,137.76,137.8262,137.4,137.62,8748968
2019-12-09,137.8,137.81,137.45,137.58,2814342
2019-12-10,138.25,138.33,137.74,137.97,3241771
2019-12-11,138.2,139.3,138.1201,138.92,6117701
2019-12-12,139.78,139.85,137.88,138.43,8816618
2019-12-13,138.52,139.21,137.98,139.05,6979801
2019-12-16,139.2,139.39,138.8,139.04,4647211
2019-12-17,139.02,139.3,138.851,139.01,4288118
2019-12-18,138.86,139.25,138.81,139.02,3608069
2019-12-19,139.04,139.55,138.87,139.38,4975164
2019-12-20,139.37,139.52,138.98,139.52,4481503
2019-12-23,139.53,139.96,139.53,139.95,5182388
2019-12-24,140.44,141.33,140.43,141.27,5303698
2019-12-26,142.06,142.47,141.9062,142.38,8343019
2019-12-27,142.26,142.73,142.17,142.33,5120441
2019-12-30,142.56,142.8,142.46,142.63,4812117
2019-12-31,143.31,143.605,142.8,142.9,5314467
2020-01-02,143.86,144.21,143.4,143.95,7736828
2020-01-03,145.75,146.32,145.4,145.86,12285501
2020-01-06,148.44,148.48,146.95,147.39,14409912
2020-01-07,147.57,148.14,147.43,147.97,8401088
2020-01-08,148.49,148.61,146.14,146.86,22276323
2020-01-09,146.07,146.41,145.44,146.03,10304334
2020-01-10,146.22,146.99,146.17,146.91,6183992
2020-01-13,146.35,146.38,145.78,145.82,7603649
2020-01-14,145.42,145.81,145.082,145.69,6607124
2020-01-15,146.21,146.73,145.82,146.54,6510029
2020-01-16,146.27,146.4658,145.755,146.31,6069101
2020-01-17,146.51,146.99,146.31,146.58,11121140
2020-01-21,145.77,146.86,145.551,146.74,6086149
2020-01-22,146.68,146.81,146.38,146.79,4778186
2020-01-23,147,147.62,146.62,147.12,8419778
2020-01-24,146.9,148.38,146.89,147.98,9919871
2020-01-27,149.24,149.32,148.4575,148.99,9988069
2020-01-28,148.36,148.56,147.53,147.66,7543088
2020-01-29,147.7,148.56,147.61,148.46,5023827
2020-01-30,148.69,149.31,148.01,148.47,9119545
2020-01-31,148.88,149.68,148.81,149.33,14788263
2020-02-03,148.66,148.78,147.6802,148.36,9115075
2020-02-04,146.97,147.03,145.8,146.43,10525585
2020-02-05,146.38,146.81,146.16,146.61,6160661
2020-02-06,147.28,147.63,147,147.4,4819778
2020-02-07,147.83,148.18,147.335,147.79,6379311
2020-02-10,148.21,148.4464,147.91,148.17,5793599
2020-02-11,148.03,148.16,147.01,147.66,5179392
2020-02-12,147.42,147.81,147.1567,147.54,5040584
2020-02-13,148.24,148.58,147.9501,148.38,7082098
2020-02-14,148.74,149.13,148.63,149,5345393
2020-02-18,149.88,151.09,149.47,150.91,11527580
2020-02-19,151,151.82,150.815,151.79,9269784
2020-02-20,152,152.83,151.95,152.41,8457348
2020-02-21,154.43,155.2219,154.18,154.7,16353292
2020-02-24,158.5,158.53,155.36,156.09,27170954
2020-02-25,155.12,156.08,152.91,153.3,28091497
2020-02-26,153.82,155.28,152.9,153.97,17983155
2020-02-27,155.58,156.27,153.9,154,27878524
2020-02-28,152.71,152.77,147.05,148.38,42707124
2020-03-02,150,150.73,149.04,149.2,16295360
2020-03-03,150.84,155.24,150.735,153.89,28687689
2020-03-04,154.4,154.96,153.7,154.16,12315472
2020-03-05,156.06,157.62,155.72,157.49,17973475
2020-03-06,158.33,159.25,154.54,157.55,26973448
2020-03-09,158.6,159.37,156.33,157.81,24868674
2020-03-10,156.18,156.41,154.39,154.48,18811547
2020-03-11,156.25,156.5,153.61,153.93,18353302
2020-03-12,151.53,151.55,146.85,147.79,32893430
2020-03-13,149.42,149.6,141.58,143.28,35177244
2020-03-16,137.56,142.96,136.12,141.64,24495962
2020-03-17,140.18,146.2,139.93,143.56,24490276
2020-03-18,141.75,142.88,138.5,140.7,21953448
2020-03-19,139.08,140.5,137.8503,138.04,20828884
2020-03-20,140.71,141.17,139.14,140.11,20056048
2020-03-23,142.675,146.93,142.28,146.3,28275212
2020-03-24,153.5,155.66,152.05,153.4,20743472
2020-03-25,152.58,152.878,151.01,151.3,16457183
2020-03-26,153.3107,154.81,152.08,153.24,12778782
2020-03-27,153,153.55,152,152.25,9824572
2020-03-30,152.41,153.08,151.57,152.92,12080881
2020-03-31,151.36,151.8,147.97,148.05,13319495
2020-04-01,148.2,150.08,147.85,149.45,11827400
2020-04-02,151.2,152.5,150.7,151.9,9188303
2020-04-03,152.23,153.09,151.66,152.65,8469099
2020-04-06,154.16,157.22,153.96,156.88,14739272
2020-04-07,155.33,156.14,154.38,156.04,9195370
2020-04-08,155.91,155.94,154.59,154.65,7600804
2020-04-09,158.08,159.08,157.21,158.69,18123039
2020-04-13,159.17,162.38,158.625,161.41,20549213
2020-04-14,162.73,164.42,161.78,162.68,17095086
2020-04-15,161.8,162.54,160.8061,161.85,12141890
2020-04-16,161.88,163.15,160.65,161.71,9233164
2020-04-17,159.72,160.07,158.12,158.57,14652737
2020-04-20,158.62,160.22,158.46,159.7,10688689
2020-04-21,157.6,159.21,157.04,158.61,12478080
2020-04-22,160.5,161.74,160.42,161.73,12937093
2020-04-23,162.39,163.6,161.84,163.34,14928503
2020-04-24,163.13,163.31,160.89,162.64,11203587
2020-04-27,161.88,162,160.41,161.56,9033533
2020-04-28,160.89,160.98,159.16,160.84,10382975
2020-04-29,160.1,161.85,159.76,161.73,12232348
2020-04-30,160.22,160.82,158.13,158.8,13633483
2020-05-01,158,160.45,157.8,159.78,10914334
2020-05-04,160.33,160.95,159.91,160.34,7986191
2020-05-05,160.16,161.1,159.33,161.02,10563066
2020-05-06,158.99,159.81,158.1,158.95,13351959
2020-05-07,159.5,161.96,159.36,161.39,13696493
2020-05-08,161.08,162,160,160.42,12244561
2020-05-11,160.34,160.71,158.89,159.42,11209822
2020-05-12,160.3,160.95,159.72,160.04,10405991
2020-05-13,160.94,161.62,160.54,161.58,10950397
2020-05-14,161.53,163.34,161.51,163.01,17084368
2020-05-15,164.02,164.8,163.08,163.93,13918816
2020-05-18,164.33,164.495,162.4102,162.69,14137907
2020-05-19,163.6,164.43,163.04,164.26,8531719
2020-05-20,164.54,164.9599,163.89,164.65,10666071
2020-05-21,163.46,163.58,161.37,162.25,11790992
2020-05-22,162.88,163.47,162.74,163.21,8540909
2020-05-26,162.58,162.58,160.69,160.89,13972012
2020-05-27,159.42,161.34,159.2,161.18,13063451
2020-05-28,162.12,162.4598,160.9,161.72,9761610
2020-05-29,162.58,163.4,162.32,162.91,12584009
2020-06-01,162.9235,163.74,162.39,163.66,8155048
2020-06-02,163.89,164.08,161.86,162.6,10388908
2020-06-03,160.34,160.9,158.82,159.6,17000510
2020-06-04,161.14,161.87,159.84,161.28,10094024
2020-06-05,158.72,158.72,157.035,158.01,16021182
2020-06-08,158.9,159.8599,158.47,159.72,9244440
2020-06-09,161.1,161.775,160.87,161.26,9045618
2020-06-10,162.1,163.63,160.52,163.57,13009343
2020-06-11,163.35,164.06,161.9701,162.39,11673902
2020-06-12,163.41,163.88,162.56,162.62,6895361
2020-06-15,160.52,162.56,160.16,162.33,8538826
2020-06-16,161.85,162.685,161.36,162.25,7969781
2020-06-17,162,162.62,161.77,162.56,4758210
2020-06-18,162.1965,162.32,161.44,162.24,5397628
2020-06-19,162.87,164.09,162.78,164.03,12187390
2020-06-22,165.06,165.73,164.41,165.09,12385635
2020-06-23,165.63,166.52,165.52,166.48,12137343
2020-06-24,166.01,166.99,165.45,165.9,10901444
2020-06-25,165.89,165.91,165.16,165.8,7093774
2020-06-26,164.87,166.56,164.22,166.54,9753492
2020-06-29,166.56,166.8,166.18,166.63,6735695
2020-06-30,166.31,167.9906,166.185,167.37,12762295
2020-07-01,167.05,167.06,165.34,166.62,13214759
2020-07-02,166.2,167.24,166.02,166.98,8753455
2020-07-06,167.75,168,167.1901,167.98,7265701
2020-07-07,167.41,169.04,167.38,169.04,11633122
2020-07-08,170.32,170.8558,169.7827,170.09,11662726
2020-07-09,170.48,170.635,168.78,169.63,13327389
2020-07-10,169.95,170.15,168.57,169.19,8218013
2020-07-13,170.29,170.42,169.16,169.4,11095948
2020-07-14,168.97,170.2,168.8141,170.19,9812736
2020-07-15,169.62,170.43,169.39,170.34,7533752
2020-07-16,169.8,169.995,168.65,168.73,10242371
2020-07-17,169.94,170.27,169.605,170.12,10296037
2020-07-20,170.76,171.07,170.27,170.94,10095548
2020-07-21,172.53,173.25,172.31,173,12864620
2020-07-22,174.05,175.77,173.76,175.63,18712467
2020-07-23,176.17,178.41,175.65,177.18,23006824
2020-07-24,179.14,179.16,178.2,178.7,15601327
2020-07-27,181.85,182.83,181.53,182.23,21115604
2020-07-28,182.02,184.26,181.42,183.75,21164633
2020-07-29,184.0089,186.14,182.39,185.13,25640100
2020-07-30,183.44,184.33,182.13,183.76,18061227
2020-07-31,184.51,185.7501,184.165,185.43,15885010
2020-08-03,185.05,185.82,184.2,185.64,12896999
2020-08-04,185.61,189.6,185.21,189.59,20773210
2020-08-05,191.65,193.13,190.62,191.35,27193718
2020-08-06,193.74,194.4499,192.5207,193.89,20640119
2020-08-07,192.705,192.96,189.33,190.81,24570160
2020-08-10,191.2,192.61,189.66,190.15,19047223
2020-08-11,183.57,183.98,179.43,179.94,45354997
2020-08-12,182.61,183.1,179.04,179.1,28779419
2020-08-13,181.56,184.7,181.36,183.33,18596773
2020-08-14,183.44,183.72,181.49,182.54,11791981
2020-08-17,184.69,187.01,184.66,186.5,15709818
2020-08-18,189.18,189.4,185.63,188.18,16291627
2020-08-19,187.21,187.46,181.71,182.24,24646942
2020-08-20,181.19,183.71,180.93,183.5,16692201
2020-08-21,182.14,182.81,180.47,182.03,12713741
2020-08-24,182.91,182.925,180.685,181,11605788
2020-08-25,181.06,181.25,179.731,181.22,10056066
2020-08-26,180.26,183.58,180.2,183.36,12715762
2020-08-27,185,185.17,179.37,181.24,16299207
2020-08-28,183.98,185.4,183.4046,184.39,13200826
2020-08-31,184.79,185.53,184.28,184.83,10251152
2020-09-01,186.99,186.99,184.33,185.05,10689058
2020-09-02,183.75,183.86,181.5,182.62,11536946
2020-09-03,182.3,182.82,180.49,181.14,12176904
2020-09-04,180.95,182.1,180.05,181.64,11567864
2020-09-08,179.5,182.27,179.02,181.29,13229196
2020-09-09,182.5,183.22,182.19,183.05,8424118
2020-09-10,184.23,184.68,182.28,182.46,9143612
2020-09-11,183.14,183.5499,182.005,182.45,7662287
2020-09-14,183.57,184.3,183.39,183.89,9709501
2020-09-15,184.46,184.67,182.92,183.45,7993693
2020-09-16,184.98,185.01,183.33,183.97,12717630
2020-09-17,181.92,183.09,181.48,182.96,8836188
2020-09-18,183.07,184.09,182.64,183.2,9959667
2020-09-21,179.84,180.29,176.75,179.52,17436121
2020-09-22,179.63,180.02,178.11,178.65,7977916
2020-09-23,176.98,177.26,174.1,174.79,18134030
2020-09-24,174.36,176.235,173.77,175.44,11759192
2020-09-25,174.41,175.3,173.89,174.94,6779192
2020-09-28,175.83,176.805,175.09,176.7,7109746
2020-09-29,177.19,178.33,176.95,178.19,8762004
2020-09-30,177.71,178.61,176.66,177.12,8371844
2020-10-01,178.71,179.5,178.0375,178.7,10402833
2020-10-02,178.69,179.29,178.16,178.54,7488503
2020-10-05,179.02,180.14,178.9,179.41,6969605
2020-10-06,180.16,180.37,177.0513,177.3,8632761
2020-10-07,177.09,177.42,176.43,177.22,6410899
2020-10-08,178.18,178.45,176.67,177.85,6530845
2020-10-09,180.13,181.17,179.93,181.08,15979775
2020-10-12,180.57,180.83,180.19,180.56,4842997
2020-10-13,178.5633,178.6,177.1,177.72,8384295
2020-10-14,179.09,179.59,178.27,178.27,9100896
2020-10-15,177.71,179.15,177.59,178.92,6821291
2020-10-16,179.22,179.32,178.13,178.3,7262158
2020-10-19,179.41,179.475,178.37,178.39,6084398
2020-10-20,178.54,179.67,178.08,179.25,7124678
2020-10-21,180.47,181.31,180.23,180.6,7548086
2020-10-22,178.8767,179.027,177.72,178.83,8376974
2020-10-23,179.09,179.2,177.76,178.64,5919276
2020-10-26,178.75,179.14,178.22,178.55,5105103
2020-10-27,178.71,179.43,178.51,179.02,5826871
2020-10-28,176.45,176.85,175.44,176.13,11734083
2020-10-29,175.02,176.14,174.83,175.4,8474453
2020-10-30,177.18,177.36,175.95,176.2,7304589
2020-11-02,177.4499,177.925,177.1301,177.91,6498368
2020-11-03,178.95,179.39,178.3,178.92,7577092
2020-11-04,178.93,179.19,177.66,178.82,11117259
2020-11-05,181,183.285,180.97,182.93,16102775
2020-11-06,183.4,183.53,182.19,183.19,10378266
2020-11-09,176.42,176.45,173.64,175.08,29800706
2020-11-10,176.75,176.91,175.66,175.66,11728459
2020-11-11,174.695,175.28,174.435,174.9,9008471
2020-11-12,176.04,176.765,175.84,175.96,7182263
2020-11-13,177.65,177.8,176.84,177.16,6470910
2020-11-16,177.23,177.91,176.87,177.15,8358474
2020-11-17,177.25,177.44,176.0903,176.5,8229142
2020-11-18,176.26,176.86,175.35,175.49,7384661
2020-11-19,174.3,175.22,174.17,175.16,6965056
2020-11-20,176.12,176.38,175.58,175.69,6380936
2020-11-23,175.1,175.24,171.78,172.23,15510552
2020-11-24,169.3,169.69,168.86,169.59,19503992
2020-11-25,169.975,170.52,169.24,169.51,10286575
2020-11-27,166.9,167.8298,166.78,167.79,10569141
2020-11-30,166.68,167.43,166.03,166.67,13209977
2020-12-01,169.76,170.48,169.3,170.18,13555209
2020-12-02,170.57,171.76,170.15,171.46,9199741
2020-12-03,172.64,172.85,171.08,172.81,10457274
2020-12-04,172.78,173.32,171.59,172.32,10098639
2020-12-07,172.56,175.29,172.51,174.89,10555101
2020-12-08,175.51,175.93,174.72,175.5,6348418
2020-12-09,173.92,174.0399,171.24,172.5,10743185
2020-12-10,172.9,173.58,171.7,172.17,6564030
2020-12-11,172.25,173.32,172.11,172.49,6084848
2020-12-14,171.91,172.52,170.91,171.54,7644419
2020-12-15,173.43,173.9799,173.055,173.94,6848629
2020-12-16,174.13,175.015,173.02,174.9,8174737
2020-12-17,177.15,177.87,176.575,176.74,9475790
2020-12-18,176.65,176.98,176.1,176.44,6789888
2020-12-21,176.29,176.94,175.76,175.88,8168924
2020-12-22,176.2,176.34,174.34,174.49,9447403
2020-12-23,175.1,176.21,175.06,175.65,6542767
2020-12-24,175.55,176.37,175.5145,176.35,3695443
2020-12-28,177.26,177.91,175.625,175.71,7778685
2020-12-29,176.25,176.97,175.57,176.35,5983741
2020-12-30,176.44,177.72,176.44,177.7,5914039
2020-12-31,178.07,178.4,177.32,178.36,7540757
2021-01-04,181.97,182.4,180.955,182.33,14331436
2021-01-05,182.87,183.21,181.8239,182.87,12718753
2021-01-06,181.49,181.58,178.24,179.9,18453495
2021-01-07,179.69,179.92,178.84,179.48,7110214
2021-01-08,176.83,176.9899,171.48,173.34,24399895
2021-01-11,172.14,173.68,172.03,173,8579195
2021-01-12,173.13,174.18,172.32,174.12,9798480
2021-01-13,173.68,174.46,173.05,173.37,14110299
2021-01-14,173.44,174.22,172.655,173.28,13522670
2021-01-15,172.8437,173.07,170.975,171.13,16172494
2021-01-19,172.71,172.85,171.92,172.58,7485700
2021-01-20,174.37,175.467,173.82,175.39,9456038
2021-01-21,175.11,175.51,174.51,175.28,7250164
2021-01-22,172.89,174.29,172.35,173.9,7269592
2021-01-25,174.8199,174.96,173.19,174.05,5936770
2021-01-26,173.98,174.26,173.4202,173.62,4685568
2021-01-27,172.93,173.52,171.66,172.52,9036528
2021-01-28,174.28,174.73,172.04,172.68,9392363
2021-01-29,174.87,175.1633,172.61,172.61,11252816
2021-02-01,175.02,175.26,174.06,174.23,9079082
2021-02-02,172.49,172.53,171.51,172.11,7221689
2021-02-03,172.36,172.5901,171.5,171.85,4658060
2021-02-04,168.29,168.395,167.34,168.15,13736624
2021-02-05,168.99,170.18,168.67,169.81,6538458
2021-02-08,171.9799,172.4,171.49,171.52,6887535
2021-02-09,172.57,173.03,171.75,172.08,5131799
2021-02-10,173.15,173.22,172.01,172.71,6112812
2021-02-11,172.7,172.871,170.71,171.21,5994522
2021-02-12,170.29,171.65,169.88,170.69,6018930
2021-02-16,168.14,170.065,167.73,168.24,14761087
2021-02-17,166.92,167.34,165.85,166.33,11425421
2021-02-18,166.98,167.3,165.73,166.32,7498157
2021-02-19,166.76,167.94,166.6,167.01,8273502
2021-02-22,168.54,169.89,168.3,169.51,10083290
2021-02-23,169.48,169.74,168.28,169.12,8616789
2021-02-24,167.65,169.14,167.15,169,8890612
2021-02-25,166.92,167.66,165.45,165.82,16359418
2021-02-26,165,165.1,160.95,161.81,23730391
2021-03-01,163.03,163.35,161.16,161.53,13828347
2021-03-02,161.93,162.925,161.22,162.41,11424608
2021-03-03,160.61,161.69,159.485,160.62,13059936
2021-03-04,160.6,161.455,158.43,159.04,13870077
2021-03-05,159.66,159.82,158.55,159.14,12068139
2021-03-08,158.58,158.74,157.1297,157.49,12134854
2021-03-09,160.75,161.2521,160.415,160.84,10382555
2021-03-10,161.06,161.78,160.66,161.66,7962003
2021-03-11,161.47,161.98,161.12,161.52,6749209
2021-03-12,159.54,161.69,159.35,161.49,8608514
2021-03-15,162.305,162.55,161.43,162.2,8110140
2021-03-16,162.36,163.2,161.81,162.35,7547417
2021-03-17,162.268,164.15,161.48,163.51,12626689
2021-03-18,161.15,162.82,161.11,162.56,8731762
2021-03-19,162.56,163.43,162.4299,163.24,6868892
2021-03-22,162.27,163.13,162.16,163,5239970
2021-03-23,162.45,162.49,161.592,161.81,6048301
2021-03-24,162.21,162.89,161.94,162.37,6183666
2021-03-25,163.0599,163.5799,161.32,161.78,8398596
2021-03-26,161.71,162.73,161.6499,162.24,6153894
2021-03-29,161.46,161.52,159.83,160.31,8409316
2021-03-30,157.94,158.2,157.55,157.57,8353246
2021-03-31,158.06,160.68,158.05,159.96,10623771
2021-04-01,161.56,162.11,161.28,161.98,7105228
2021-04-05,161.52,162.4047,161.36,161.92,6163799
2021-04-06,162.79,163.53,162.75,163.22,6761166
2021-04-07,162.82,163.31,162.5,162.76,5436014
2021-04-08,164.1679,164.77,164.14,164.51,6574524
2021-04-09,162.75,163.66,162.48,163.27,6657898
2021-04-12,162.73,162.8,161.81,162.28,4896669
2021-04-13,163.18,163.85,163.03,163.43,6995903
2021-04-14,162.77,163.05,162.3,162.72,6312296
2021-04-15,164.07,165.79,164.03,165.35,8250646
2021-04-16,166.24,166.811,165.94,166.35,10057602
2021-04-19,165.91,166.44,165.72,165.89,5721727
2021-04-20,165.65,166.81,165.62,166.48,6531979
2021-04-21,167.18,168.39,167.15,168.13,8380178
2021-04-22,167.11,167.53,166.4901,167.04,7680140
2021-04-23,167.37,167.53,165.78,166.4,7107484
2021-04-26,166.63,166.865,166.05,166.84,4786613
2021-04-27,166.92,167.15,166.28,166.42,5363499
2021-04-28,165.75,166.96,165.49,166.91,6932217
2021-04-29,165.58,166.26,164.47,166.22,9067627
2021-04-30,165.86,166,165.24,165.66,6248711
2021-05-03,167.61,168.43,167.41,167.81,9014708
2021-05-04,167.69,168.55,165.5,166.58,10267411
2021-05-05,166.63,167.31,166.61,167.27,5949985
2021-05-06,167.95,170.29,167.92,170.06,13574072
2021-05-07,171.53,172.5501,171,171.59,14748628
2021-05-10,172.74,172.84,171.78,172.11,8276584
2021-05-11,170.5582,172.17,170.27,172.14,8348213
2021-05-12,171.4321,171.835,170.345,170.43,12666262
2021-05-13,170.35,171.27,170.225,171.13,8078266
2021-05-14,172.05,172.7,171.82,172.69,9686777
2021-05-17,173.3,175,173.28,174.7,11956831
2021-05-18,175.18,175.21,174.46,175.04,7294010
2021-05-19,175.14,177,174.345,175.16,20741106
2021-05-20,175.32,176.46,175.11,175.96,9802799
2021-05-21,176.58,176.8602,175.145,176.04,7677190
2021-05-24,176.15,176.59,175.87,176.35,5557339
2021-05-25,176.15,177.95,176.04,177.95,8986945
2021-05-26,178.368,178.61,177.04,177.64,8495383
2021-05-27,177.39,177.82,176.81,177.71,7992951
2021-05-28,177.46,178.43,177.2411,178.38,9968324
2021-06-01,178.76,178.85,177.19,177.9,9143250
2021-06-02,178.34,178.78,177.97,178.77,6613106
2021-06-03,175.83,175.83,174.66,175.27,10153899
2021-06-04,176.65,177.57,176.61,177.16,8375264
2021-06-07,176.96,177.9,176.63,177.87,7709094
2021-06-08,177.23,177.54,176.37,177.32,5905832
2021-06-09,177.38,177.8,176.78,176.98,6346094
2021-06-10,176.7,177.85,176.48,177.74,9896612
2021-06-11,176.33,176.57,175.48,175.74,7836860
2021-06-14,173.16,175.06,172.95,174.71,7733645
2021-06-15,174.78,174.915,173.34,174.05,7550154
2021-06-16,173.91,174.465,171.03,171.11,16919749
2021-06-17,167.02,167.615,165.44,165.85,27232236
2021-06-18,166.14,166.72,164.87,164.93,15744310
2021-06-21,166.52,167.2218,166,166.95,8370991
2021-06-22,166.35,166.915,166.01,166.25,7223919
2021-06-23,166.97,168.03,165.97,166.14,8474276
2021-06-24,167,167.23,166.01,166.04,6903352
2021-06-25,167.45,167.525,166.29,166.59,7473679
2021-06-28,166.68,166.91,166.3575,166.58,6508902
2021-06-29,164.34,165.2782,164.01,164.83,7451415
2021-06-30,164.57,166.1,164.29,165.63,7955839
2021-07-01,166.65,166.88,165.5,166.2,7430497
2021-07-02,167.35,167.715,166.4,167.29,7873574
2021-07-06,169.27,169.65,167.54,168.12,7932050
2021-07-07,168.72,169.23,168.19,168.76,7108909
2021-07-08,169.82,169.855,167.91,168.65,7244275
2021-07-09,168.84,169.62,168.66,169.21,4997398
2021-07-12,168.7,169.16,167.64,169,7315422
2021-07-13,169.51,169.9,168.93,169.22,7040277
2021-07-14,170.91,171.04,170.28,171.04,8830335
2021-07-15,170.89,171.3,170.34,171.07,6520126
2021-07-16,170.65,170.95,169.28,169.41,9460348
2021-07-19,169.51,169.91,168.89,169.61,6707365
2021-07-20,170.51,170.8,168.92,169.39,6540058
2021-07-21,168.33,169,168.14,168.76,4622581
2021-07-22,168.49,169.191,168.06,169.09,4793605
2021-07-23,168.5,168.88,167.95,168.56,5831463
2021-07-26,168.58,168.86,168.08,168.16,5229817
2021-07-27,168.73,168.905,167.93,168.44,6300183
2021-07-28,168.26,169.38,167.72,169.29,7905846
2021-07-29,170.7,171.52,170.67,171.17,8119591
2021-07-30,170.72,170.99,169.38,169.82,7391706
2021-08-02,169.3,170.245,169.1,169.61,10783240
2021-08-03,169.42,169.83,169.21,169.49,5402340
2021-08-04,171.28,171.4,168.99,169.53,9796349
2021-08-05,169.37,169.4371,168.203,168.86,7893245
2021-08-06,165.84,165.93,164.55,164.64,13547643
2021-08-09,163.01,163.295,161.26,161.72,11546973
2021-08-10,161.39,162.11,160.68,161.77,6870766
2021-08-11,163.15,164.17,162.68,164,7382417
2021-08-12,163.65,164.1,162.9335,164.04,5222080
2021-08-13,165.02,166.46,164.89,166.39,7466887
2021-08-16,166.73,167.39,166.59,167.22,7781796
2021-08-17,167.29,167.73,166.56,166.97,7106992
2021-08-18,167.24,167.51,166.26,167.1,7697931
2021-08-19,167.24,167.29,166.16,166.61,6934268
2021-08-20,166.8,167.14,166.36,166.7,7154348
2021-08-23,168.82,168.91,167.96,168.73,8190548
2021-08-24,169.04,169.27,168.52,168.65,4519173
2021-08-25,167.88,167.92,166.74,167.48,5588751
2021-08-26,167.21,168.21,166.83,167.67,4371866
2021-08-27,167.58,170.19,166.87,170.19,10036431
2021-08-30,169.66,169.835,169.09,169.35,3768628
2021-08-31,169.23,169.92,168.75,169.69,6336002
2021-09-01,169.94,170,169.16,169.7,4764866
2021-09-02,169.5,169.63,168.82,169.25,4601128
2021-09-03,170.59,171.55,170.15,171.06,8353646
2021-09-07,169.56,169.78,167.63,167.71,10007697
2021-09-08,168.02,168.08,166.7,167.29,6575990
2021-09-09,168.17,168.28,166.83,168.03,6641424
2021-09-10,167.81,168.08,167.145,167.18,7426272
2021-09-13,167.45,168.22,167.395,167.74,5474323
2021-09-14,168.22,169.16,167.48,168.82,7922917
2021-09-15,168.1332,168.36,167.45,167.83,5624883
2021-09-16,164.38,164.44,163.233,164.03,11780399
2021-09-17,163.86,164.32,163.4,163.77,8369679
2021-09-20,164.29,165.28,164.07,164.94,7566577
2021-09-21,165.81,166.63,165.49,166.04,7181458
2021-09-22,165.89,167.15,165.03,165.42,9777794
2021-09-23,164.1,164.2,163.27,163.51,8451899
2021-09-24,163,164,162.74,163.3,6937521
2021-09-27,163.85,164.3608,163.51,163.64,4942989
2021-09-28,162.73,162.82,161.73,162.05,9282755
2021-09-29,162.35,162.74,160.97,161.32,8360656
2021-09-30,162.66,164.95,162.34,164.22,10574824
2021-10-01,164.27,164.96,163.885,164.59,6654686
2021-10-04,163.69,165.54,163.47,165.36,7651658
2021-10-05,163.94,164.85,163.49,164.59,5617283
2021-10-06,164.23,165.06,164.1531,165.03,6067156
2021-10-07,164.02,164.8507,163.96,164.16,4791505
2021-10-08,166.32,166.42,164.135,164.23,8536109
2021-10-11,164.04,164.58,163.91,163.92,3820087
2021-10-12,164.5701,165.44,164.31,164.66,5453049
2021-10-13,165.28,167.92,165.28,167.59,11118291
2021-10-14,168.19,168.22,167.71,168,5083847
2021-10-15,165.39,166.09,165.1,165.33,8699223
2021-10-18,165.42,165.59,164.81,164.92,4029594
2021-10-19,166.5,166.5,165.2001,165.45,6588473
2021-10-20,166.21,167.11,165.9258,166.9,5022036
2021-10-21,166.7,166.94,166.24,166.75,4412389
2021-10-22,168.67,169.54,166.67,167.77,10703927
2021-10-25,168.66,169.21,168.53,168.93,4881346
2021-10-26,167.88,167.91,166.63,167.68,6658890
2021-10-27,167.73,168.2,166.86,168.12,5823080
2021-10-28,168.98,169.25,167.53,168.08,7000717
2021-10-29,166.29,166.73,165.64,166.65,7531872
2021-11-01,167.38,167.84,166.91,167.52,4975560
2021-11-02,167.43,167.63,166.963,167.16,3760736
2021-11-03,165.34,165.95,164.38,165.77,9055208
2021-11-04,167.51,168.14,167.37,167.65,6656097
2021-11-05,168.42,169.94,167.85,169.84,9368948
2021-11-08,170.43,170.7,170.06,170.45,4966135
2021-11-09,170.73,171.31,170.12,171.29,5781180
2021-11-10,173.67,174.65,172.11,173.15,11461779
2021-11-11,173.98,174.27,173.74,174.12,5959640
2021-11-12,173.51,174.67,173.4,174.45,7894848
2021-11-15,174.1,174.59,173.69,174.18,5630808
2021-11-16,173.97,174.48,172.86,172.92,8667323
2021-11-17,174.24,174.605,173.89,174.5,6523061
2021-11-18,173.96,174.36,173.53,173.94,6253445
2021-11-19,173.69,174.1,172.235,172.61,8787253
2021-11-22,169.9,170.44,168.42,168.74,13100511
2021-11-23,167.28,167.6,166.53,167.28,8053370
2021-11-24,166.5825,167.44,166.32,167.12,5359457
2021-11-26,168.6,168.64,166.37,166.85,9605192
2021-11-29,166.84,167.255,166.38,166.62,7394940
2021-11-30,167.77,169.01,165.37,165.5,12925270
2021-12-01,166.84,167.47,166.06,166.16,7825484
2021-12-02,165.89,165.9405,164.63,165.24,9604118
2021-12-03,165.49,166.93,165,166.63,9507938
2021-12-06,166.14,166.8,165.93,166.22,4813624
2021-12-07,166.2,167.08,166.18,166.81,4900713
2021-12-08,166.51,166.96,166.28,166.9,4288935
2021-12-09,166.54,166.58,165.65,165.88,4913771
2021-12-10,166.72,166.915,166.18,166.58,6450614
2021-12-13,166.9,167.255,166.67,167,6610673
2021-12-14,165.34,166.14,165.16,165.44,8637879
2021-12-15,165.27,166.4,163.8,166.15,14231184
2021-12-16,167.01,168.18,166.94,168.16,11186197
2021-12-17,168.73,169.125,167.78,167.8,9867792
2021-12-20,167.88,168,167.06,167.09,6972959
2021-12-21,167.69,167.7754,166.74,167.02,4548504
2021-12-22,167.58,168.64,167.11,168.59,4672941
2021-12-23,168.69,169.16,168.01,168.97,4551124
2021-12-27,168.96,169.42,168.78,169.37,4763297
2021-12-28,169.33,169.65,168.62,168.64,4545714
2021-12-29,167.36,168.69,167.28,168.59,5889714
2021-12-30,168.43,169.81,168.37,169.8,5426311
2021-12-31,170.53,171.04,170.04,170.96,7039330
2022-01-03,168.86,169.01,168,168.33,9014423
2022-01-04,168.9,169.72,168.73,169.57,6965598
2022-01-05,170.62,170.93,168.9,169.06,8715585
2022-01-06,167.16,167.75,166.86,166.99,10902661
2022-01-07,167.37,168.01,166.86,167.75,8191936
2022-01-10,167.36,168.3,167.31,168.26,7026475
2022-01-11,168.44,170.31,168.37,170.29,8368980
2022-01-12,170.19,170.75,170.01,170.74,6280745
2022-01-13,170.09,170.22,169.27,170.16,7034202
2022-01-14,170.22,170.56,169.4796,169.67,7865900
2022-01-18,169.6401,170.005,169.09,169.39,9323046
2022-01-19,170.3919,172.1895,170.2,172.08,15784477
2022-01-20,172.31,172.5999,171.585,171.65,9570477
2022-01-21,172.04,172.12,170.74,171.09,10982517
2022-01-24,171.78,172.14,170.85,172.03,15735970
2022-01-25,171.95,173.1499,171.775,172.58,17382097
2022-01-26,171.39,171.725,169.48,169.79,17799403
2022-01-27,168.02,169.09,167.325,167.6,15875306
2022-01-28,166.56,167.46,166.365,167.1,9782484
2022-01-31,167.79,168.14,167.46,168.09,8539265
2022-02-01,168.57,168.85,167.87,168.23,9763909
2022-02-02,168.34,169.12,168.155,168.84,9085285
2022-02-03,168.31,168.82,167.03,168.6,10650800
2022-02-04,168.04,169.1,167.99,168.86,9619611
2022-02-07,169.45,170.3,169.19,170.11,7796866
2022-02-08,170.1,170.78,169.95,170.63,5801993
2022-02-09,170.68,171.42,170.55,171.21,8002766
2022-02-10,170.5201,171.99,170.46,170.56,10693524
2022-02-11,170.75,174.2,170.71,173.81,25741494
2022-02-14,173.78,175,173.68,174.74,13650704
2022-02-15,173.1,173.34,172.39,173.08,12607006
2022-02-16,173.49,174.86,173.48,174.86,12772069
2022-02-17,176.7,177.53,176.39,177.25,18612546
2022-02-18,177.07,177.25,176.51,177.12,12760663
2022-02-22,177.67,178.07,176.8175,177.49,14960494
2022-02-23,177.39,178.39,177.36,178.29,11772201
2022-02-24,182.59,182.6,175.27,177.14,32725999
2022-02-25,176.42,176.79,175.79,176.55,11530929
2022-02-28,178.86,178.99,176.5,178.38,16055844
2022-03-01,179.0456,181.76,179.03,181.62,21942127
2022-03-02,180.13,180.71,178.788,179.73,19727192
2022-03-03,179.96,181.3,179.5,180.8,14826051
2022-03-04,182.1137,183.98,181.36,183.68,22412092
2022-03-07,184.45,186.64,184.22,186.41,27951785
2022-03-08,188.35,193.3,188.26,191.51,47347678
2022-03-09,186.04,187.225,184.76,185.82,26839671
2022-03-10,186.8799,187.38,184.99,186.4,18455213
2022-03-11,183.7399,185.78,183.44,185.09,14824715
2022-03-14,183.03,183.29,181.95,182.3,13186389
2022-03-15,179.1,180.27,178.01,178.89,16962273
2022-03-16,179.13,180.115,176.87,180.01,17548090
2022-03-17,181.16,182.03,180.65,180.89,10954139
2022-03-18,179.93,180.93,179.035,179.3,13996452
2022-03-21,179.33,181.29,179.32,180.67,10582224
2022-03-22,179.6,179.71,178.3231,179.36,9621751
2022-03-23,180.29,181.89,179.76,181.81,12557272
2022-03-24,182.35,183.51,181.77,183.13,10970070
2022-03-25,181.81,183.13,181.35,182.38,7914035
2022-03-28,180.38,181.325,178.85,179.06,9489725
2022-03-29,177.02,179.33,176.69,179.14,10458927
2022-03-30,179.76,180.92,179.6801,180.58,8361286
2022-03-31,180.91,181.96,180.56,180.65,9844398
2022-04-01,179.5501,180.4599,178.98,179.5,13034395
2022-04-04,180.2439,180.81,179.58,180.37,7063124
2022-04-05,180.91,181.49,178.93,179.24,10828531
2022-04-06,179.78,180.31,178.7,179.66,8942121
2022-04-07,179.87,180.88,179.8,180.34,10140585
2022-04-08,180.52,181.82,180.52,181.47,10655681
2022-04-11,183.17,183.33,181.11,182.37,10071319
2022-04-12,184.04,184.64,182.96,183.77,12024560
2022-04-13,184.5,184.94,184.13,184.65,8651635
2022-04-14,184.28,184.41,182.88,184.04,11567178
2022-04-18,185.95,186.1,184.39,184.61,8886690
2022-04-19,183.19,183.6506,181.33,181.82,12585622
2022-04-20,181.59,182.72,181.35,182.71,7038625
2022-04-21,181.77,182.32,180.775,182.06,9639834
2022-04-22,180.7235,181.605,179.74,180.29,9146973
2022-04-25,177.17,177.51,176.48,177.05,13073688
2022-04-26,177.95,178.3,176.915,177.32,9042403
2022-04-27,176.4561,176.64,175.5,175.98,8854721
2022-04-28,175.92,176.965,175.69,176.93,6384762
2022-04-29,178.0667,178.615,176.71,176.91,7719702
2022-05-02,173.6121,174.65,172.98,173.63,14318600
2022-05-03,173.89,175.205,173.85,174.09,7214348
2022-05-04,174.32,176.35,173.67,175.8,10491681
2022-05-05,177.56,177.61,174.66,175.13,12794160
2022-05-06,175.39,176.56,174.86,175.42,7643269
2022-05-09,174.27,174.27,172.79,172.88,10742410
2022-05-10,173.8039,173.96,171.2,171.42,11010440
2022-05-11,172.51,173.32,172.2,172.82,9179592
2022-05-12,172.072,172.4,169.9,170.17,11626799
2022-05-13,168.312,169.62,168.01,168.79,13031057
2022-05-16,168.43,170.43,168.34,170.4,7319277
2022-05-17,170.44,170.53,169.1409,169.33,6441110
2022-05-18,169.01,170.21,168.81,169.42,7472850
2022-05-19,171.5489,172.5197,170.89,171.91,10580267
2022-05-20,171.71,172.24,170.89,172.03,6578056
2022-05-23,173.13,173.38,172.28,172.83,5518503
2022-05-24,173.47,174.41,173.35,174.13,6793991
2022-05-25,172.79,173.16,171.73,173.08,4595917
2022-05-26,172.13,172.93,171.76,172.76,6466982
2022-05-27,173.4901,173.52,172.64,172.85,3847871
2022-05-31,172.71,173.07,171.08,171.14,6243967
2022-06-01,172.2099,172.53,171.39,172.23,6946516
2022-06-02,173.66,174.45,173.49,174.35,5623129
2022-06-03,173.5285,173.965,172.25,172.58,5519407
2022-06-06,172.81,172.89,171.65,171.82,3766042
2022-06-07,172.11,173.05,171.985,172.94,3860035
2022-06-08,172.89,173.45,172.67,172.78,5140816
2022-06-09,172.45,172.59,171.58,172.23,4701143
2022-06-10,170.89,174.94,170.46,174.54,16856138
2022-06-13,171.18,171.335,169.61,169.93,13265243
2022-06-14,169.61,169.7309,168.3,168.57,7347935
2022-06-15,170.4,171.84,169.08,170.77,9000294
2022-06-16,170.56,172.77,170.17,172.69,8823558
2022-06-17,172.15,172.3,170.97,171.27,7407223
2022-06-21,171.06,171.91,170.47,170.63,5608485
2022-06-22,171.61,172.3,171.1,171.31,6558656
2022-06-23,171.39,172.13,169.9,170.26,6535261
2022-06-24,170.24,170.7401,169.85,170.09,6143081
2022-06-27,170.595,170.67,169.75,169.9,5719684
2022-06-28,170.0699,170.21,169.51,169.62,2984448
2022-06-29,170.58,170.7,169.17,169.49,4785576
2022-06-30,169.51,169.96,168.24,168.46,9144391
2022-07-01,167.135,168.68,166.96,168.32,11380332
2022-07-05,167.18,167.33,164.41,164.75,14035426
2022-07-06,164.32,164.57,161.47,162.14,11861144
2022-07-07,162.43,163.04,162.06,162.23,4588418
2022-07-08,162.35,163.38,161.84,162.3,4584112
2022-07-11,161.93,162.435,161.3757,161.43,4321663
2022-07-12,161.22,161.62,160.72,160.83,5375081
2022-07-13,160.1,162.705,160.06,161.6,8456636
2022-07-14,159.02,159.83,158.22,159.33,12213614
2022-07-15,159.01,159.25,158.35,159.01,6783785
2022-07-18,160.08,160.43,159.05,159.16,5791779
2022-07-19,159.47,159.87,159.33,159.54,3796198
2022-07-20,159.71,159.815,158.025,158.04,4795846
2022-07-21,158.31,160.31,158.2699,160.27,5863333
2022-07-22,160.55,162.13,160.35,160.67,5733753
2022-07-25,160.64,160.7,159.81,160.23,3713368
2022-07-26,160.23,160.5,159.79,160.04,2672764
2022-07-27,160.02,162.21,159.51,161.67,5709082
2022-07-28,163.31,163.76,162.88,163.64,5606353
2022-07-29,163.89,164.69,163.28,164.1,7537307
2022-08-01,164.98,165.41,164.41,165.03,4666912
2022-08-02,165.66,166.46,164.02,164.05,5725388
2022-08-03,164.77,164.91,163.475,164.45,4417759
2022-08-04,165.53,167.31,165.34,167.17,5502000
2022-08-05,164.99,165.84,164.87,165.29,6023291
2022-08-08,166.03,166.8103,165.93,166.69,3457314
2022-08-09,167.48,167.8,166.82,167.2,3205494
2022-08-10,167.3925,167.98,166.6201,166.78,4077274
2022-08-11,167.16,167.66,166.31,166.34,4445977
2022-08-12,167.17,167.94,166.83,167.87,5151653
2022-08-15,165.99,166.25,165.44,165.71,5236292
2022-08-16,165.31,165.72,165.18,165.42,4291529
2022-08-17,165.21,165.228,163.95,164.35,5569071
2022-08-18,164.6,164.9125,163.545,163.92,3646087
2022-08-19,163.65,163.74,162.615,162.72,8172954
2022-08-22,161.66,162.12,161.36,161.64,4458113
2022-08-23,161.96,163.43,161.91,162.77,4425075
2022-08-24,162.44,163.61,162.37,163.25,3202411
2022-08-25,163.97,163.985,163.24,163.75,2857488
2022-08-26,163.12,163.61,161.55,161.76,6689259
2022-08-29,161.88,162.62,161.7,161.86,4702256
2022-08-30,161.27,161.43,160.34,160.51,4856576
2022-08-31,159.5,160.575,159.255,159.27,5438641
2022-09-01,158.17,158.39,157.32,157.87,7390755
2022-09-02,159.3499,160.06,159.14,159.26,5196908
2022-09-06,159.17,159.46,158.32,158.33,4863819
2022-09-07,158.15,160.15,158.08,159.94,3981410
2022-09-08,159.54,159.86,158.7115,158.98,4607118
2022-09-09,159.72,160.24,159.41,159.82,3927788
2022-09-12,161.04,161.62,160.55,160.63,4537530
2022-09-13,158.47,159.2675,158.39,158.54,6526388
2022-09-14,158.68,158.98,157.73,157.93,6091085
2022-09-15,156.76,157.485,154.62,154.98,13181203
2022-09-16,154.66,156.56,154.34,155.84,7141210
2022-09-19,154.87,156.04,154.815,155.96,5582767
2022-09-20,155.03,155.23,154.59,155.07,5943724
2022-09-21,155.97,157.25,154.01,155.79,7816071
2022-09-22,156.26,156.48,155.31,155.7,5975237
2022-09-23,153.9,154,152.64,153.01,9597991
2022-09-26,153.22,153.51,151.0301,151.23,8240501
2022-09-27,152.25,152.73,151.5,151.54,7151310
2022-09-28,153.2,154.88,152.93,154.69,8977243
2022-09-29,154.14,155.03,153.16,154.66,6317021
2022-09-30,154.94,156.045,154.57,154.67,6832430
2022-10-03,155.438,158.48,155.23,158.43,10362232
2022-10-04,159.18,161.08,158.92,160.7,8024496
2022-10-05,159.32,160.08,158.38,159.81,5296309
2022-10-06,159.41,159.94,158.9511,159.63,5712627
2022-10-07,158.46,158.98,157.68,157.88,5030041
2022-10-10,155.94,156.35,155.12,155.48,6110794
2022-10-11,155.49,156.81,154.92,155.16,5306673
2022-10-12,155.51,156.29,155.26,155.99,3998472
2022-10-13,153.48,155.73,152.92,154.91,7083767
2022-10-14,154.02,154.1996,152.72,152.98,5474648
2022-10-17,154.92,155.33,153.325,153.42,4348044
2022-10-18,154.08,154.2393,153.24,153.75,4528441
2022-10-19,152.09,152.49,151.54,151.69,8257060
2022-10-20,151.92,153.23,151.27,151.45,5019849
2022-10-21,151.98,154.31,151.83,154.15,6898351
2022-10-24,153.45,154.06,153.06,153.65,4673274
2022-10-25,153.9599,154.79,153.83,154,3434053
2022-10-26,154.78,155.73,154.78,154.98,4451056
2022-10-27,154.7148,155.09,154.22,154.74,3654871
2022-10-28,152.96,153.54,152.5,153.16,4645440
2022-10-31,152.16,152.8721,151.89,151.91,6097760
2022-11-01,153.82,153.98,152.87,153.46,4603597
2022-11-02,154.16,155.42,152.26,152.39,7220403
2022-11-03,150.699,151.955,150.5703,151.81,5378810
2022-11-04,154.95,156.6,154.66,156.47,7691954
2022-11-07,156.22,156.569,155.81,155.85,4425710
2022-11-08,155.99,159.87,155.975,159.45,11299635
2022-11-09,159.359,160.35,158.45,158.65,6040627
2022-11-10,162.01,163.51,161.655,163.48,9939858
2022-11-11,163.914,164.58,163.42,164.56,4622422
2022-11-14,164.2,165.24,164.15,164.92,6187552
2022-11-15,165.27,166.23,164.56,165.5,9903495
2022-11-16,165.41,165.71,164.8301,165.12,3645845
2022-11-17,163.79,164.1099,163.4,163.92,4578129
2022-11-18,163.38,163.69,162.68,162.79,4321075
2022-11-21,162.44,162.5,161.28,161.88,4766512
2022-11-22,162.3,162.6,161.72,162.07,3203837
2022-11-23,161.69,163.24,161.56,163.08,4167005
2022-11-25,162.85,163.43,162.765,163.22,1436508
2022-11-28,162.93,163.06,161.91,161.93,4053918
2022-11-29,162.7,163.6299,162.6,162.73,2620637
2022-11-30,163.69,164.81,162.4,164.81,4874746
2022-12-01,167.48,167.95,166.975,167.84,8625780
2022-12-02,166.18,167.47,165.76,167.26,5185941
2022-12-05,166.55,166.72,164.3201,164.39,5436175
2022-12-06,165.2,165.54,164.45,164.84,3597758
2022-12-07,165.4699,166.64,165.318,166.33,4610697
2022-12-08,166.58,167.045,166.07,166.47,3217874
2022-12-09,167.26,168.085,166.6,167.06,5431272
2022-12-12,166.438,166.6,165.43,165.68,3504409
2022-12-13,169.21,169.79,168.02,168.51,6750199
2022-12-14,168.43,168.81,167.14,168.1,5642965
2022-12-15,165.73,166.21,165.1,165.35,8370909
2022-12-16,166.02,166.98,165.84,166.79,5371967
2022-12-19,166.71,167.11,165.99,166.32,3940525
2022-12-20,168.1,169.53,168.03,169.08,7803118
2022-12-21,169.04,169.71,168.675,168.8,3990060
2022-12-22,167.76,167.7632,166.06,166.76,5672656
2022-12-23,166.8801,167.795,166.66,167.26,2912300
2022-12-27,167.89,170.61,167.8,168.67,6885715
2022-12-28,168.05,168.34,167.1,167.91,3662456
2022-12-29,168.54,169.35,168.52,168.85,3345874
2022-12-30,169.26,169.8999,168.795,169.64,2864455
2023-01-03,171.32,172.09,170.02,171.06,7992927
2023-01-04,172.86,173.09,171.845,172.67,7574633
2023-01-05,170.824,171,169.79,170.52,4692610
2023-01-06,171.76,173.96,171.23,173.71,7888954
2023-01-09,174.51,175.035,173.881,174.1,5134503
2023-01-10,174.61,174.98,174.06,174.74,4398411
2023-01-11,174.76,174.79,173.72,174.62,3374201
2023-01-12,176.01,176.71,174.88,176.64,6936919
2023-01-13,176.96,178.825,176.8934,178.76,7468768
2023-01-17,178.21,178.24,177.09,177.59,6610834
2023-01-18,178.92,179.18,176.9,177.08,5384664
2023-01-19,178.37,180.03,178.09,179.89,6678687
2023-01-20,179.06,179.66,178.645,179.29,5754818
2023-01-23,178.35,179.69,177.78,179.63,5265507
2023-01-24,179.56,180.32,178.35,180.28,4604628
2023-01-25,179.35,181.22,179.2925,181.11,6925348
2023-01-26,180.146,180.265,178.46,179.47,5860129
2023-01-27,179.27,179.72,178.262,179.22,6052728
2023-01-30,179.286,179.43,178.65,178.76,4210726
2023-01-31,178.82,179.699,178.54,179.41,5976888
2023-02-01,179.75,181.73,178.63,181.67,7996005
2023-02-02,181.08,181.11,177.74,177.9,8842396
2023-02-03,174.92,175.43,173.12,173.46,13674441
2023-02-06,174.11,174.455,173.28,173.82,8956963
2023-02-07,173.72,175.27,173.47,173.98,6794153
2023-02-08,174.942,174.99,173.83,174.41,4075638
2023-02-09,175.49,175.52,172.87,173.03,5361340
2023-02-10,173.63,173.68,172.63,173.36,2971125
2023-02-13,172.7,172.9014,172.07,172.48,3970786
2023-02-14,171.97,173.51,171.41,172.61,5403099
2023-02-15,170.6,170.99,170.16,170.89,5435337
2023-02-16,170.34,171.6,169.96,170.75,4540398
2023-02-17,169.87,171.47,169.52,171.26,4809799
2023-02-21,171.2,171.5,170.34,170.62,4035933
2023-02-22,170.81,170.96,169.56,169.66,4105675
2023-02-23,169.84,170.125,169.08,169.57,5073479
2023-02-24,168.42,168.84,168.19,168.35,6496496
2023-02-27,168.88,169.23,168.55,169.01,4509151
2023-02-28,168.781,170.25,168.59,169.78,6761585
2023-03-01,170.95,171.49,170.47,170.76,6590468
2023-03-02,170.52,170.975,170.36,170.66,3952266
2023-03-03,171.45,172.595,170.98,172.49,6894466
2023-03-06,172.32,172.37,171.54,171.62,4264124
2023-03-07,170.42,170.47,168.52,168.62,8713268
2023-03-08,168.61,169.59,168.52,168.54,5718595
2023-03-09,169.751,170.65,169.71,170.2,5582980
2023-03-10,171.93,173.88,171.92,173.87,13803589
2023-03-13,176.66,178.02,176.3,177.86,20554417
2023-03-14,177.35,177.59,176.21,176.83,10019032
2023-03-15,178.86,180.13,177.49,178.21,14546095
2023-03-16,179.51,179.654,177.87,178.57,10765891
2023-03-17,181.02,184.81,180.77,183.77,24156266
2023-03-20,184.19,184.54,182.74,183.84,11845702
2023-03-21,182.65,182.73,179.9,180.37,10734493
2023-03-22,180.4,183.94,180.28,183.44,11969861
2023-03-23,183.91,186.24,183.5996,185.74,11347149
2023-03-24,185.606,185.99,183.62,183.65,9253075
2023-03-27,181.15,182.15,180.69,181.95,6925046
2023-03-28,182.31,183.62,182.12,183.44,6202597
2023-03-29,182.49,183.27,182.24,182.53,4996493
2023-03-30,182.75,184.4401,182.55,184.18,6360296
2023-03-31,184.11,184.42,182.8,183.22,8003334
2023-04-03,183.85,185.035,183.32,184.54,9206635
2023-04-04,184.7224,188.23,184.66,187.98,13765361
2023-04-05,188.34,188.86,186.78,187.83,11440827
2023-04-06,186.8901,187.26,185.95,186.49,6648428
2023-04-10,185.18,185.36,184.19,185.11,6408114
2023-04-11,185.905,186.51,185.635,186.28,6031494
2023-04-12,187.54,187.66,185.97,187.19,10000948
2023-04-13,189.76,190.41,188.99,189.72,14060106
2023-04-14,188.08,188.4869,185.17,186.36,13272541
2023-04-17,185.89,185.93,184.1,185.53,7468062
2023-04-18,185.24,186.99,185.04,186.25,8056928
2023-04-19,184.3499,185.58,184.28,185.36,7373518
2023-04-20,186.14,187.03,185.78,186.09,5789908
2023-04-21,184.98,185.68,183.22,184.25,10698705
2023-04-24,184.07,185.025,183.46,184.81,8303396
2023-04-25,184.84,186.2204,184.3,185.75,8451933
2023-04-26,186.63,186.65,184.3,184.74,8203595
2023-04-27,183.9,184.989,183.38,184.75,9107425
2023-04-28,184.79,185.38,184.17,184.8,6700418
2023-05-01,186.05,186.22,183.91,183.97,7997658
2023-05-02,184.65,187.64,184.515,187.52,13554921
2023-05-03,187.61,189.205,186.93,189.11,11133826
2023-05-04,188.86,191.36,188.81,190.44,14146787
2023-05-05,186.56,187.58,185.77,187.46,12508113
2023-05-08,187.82,188.67,187.49,187.69,6075441
2023-05-09,188.12,189.33,188.07,189.02,7098810
2023-05-10,188.975,189.64,187.82,188.75,9392097
2023-05-11,188.44,188.81,186.86,187.13,8245523
2023-05-12,187.43,187.92,186.58,186.81,7087462
2023-05-15,187.3,187.88,187.032,187.21,5518086
2023-05-16,186.58,186.82,184.4601,184.87,9527806
2023-05-17,184.305,184.45,183.48,184.23,7474277
2023-05-18,182.1,182.28,181.335,181.84,8812591
2023-05-19,182.25,184.34,181.81,183.64,8434976
2023-05-22,183.22,183.84,182.91,183.21,4834298
2023-05-23,182.78,183.76,182.48,183.43,6345012
2023-05-24,183.54,183.54,181.77,181.95,6732940
2023-05-25,181.18,181.31,180.1,180.2,6919174
2023-05-26,181.01,181.3,180.09,180.92,5823674
2023-05-30,181.72,182.4,181.17,182.04,4906066
2023-05-31,182.39,183.445,182.1,182.32,8497893
2023-06-01,182.81,184.21,182.72,183.76,7300542
2023-06-02,183.53,183.56,180.96,181.05,8726111
2023-06-05,180.79,182.44,180.6,182.14,6403343
2023-06-06,182.36,182.65,181.52,182.34,4967156
2023-06-07,181.94,183,180.15,180.15,9066528
2023-06-08,182,183.04,181.96,182.53,6394890
2023-06-09,182.36,182.79,181.72,182.04,4380811
2023-06-12,181.8,181.94,181.04,181.88,4875450
2023-06-13,182.1,182.43,180.165,180.54,5126686
2023-06-14,181.69,181.96,180.14,180.64,6807003
2023-06-15,180.28,182.05,180.18,181.91,6739009
2023-06-16,181.925,182.618,181.41,181.63,8779096
2023-06-20,180.06,180.09,179.22,179.75,7586229
2023-06-21,179.15,179.95,178.19,179.49,6702339
2023-06-22,178.36,178.99,177.63,177.71,7948565
2023-06-23,179.6,179.95,178.09,178.2,5419784
2023-06-26,179.05,179.075,178.42,178.51,3222050
2023-06-27,179.07,179.29,177.43,177.69,5036916
2023-06-28,177.23,177.685,176.7,177.28,5866741
2023-06-29,175.83,177.63,175.79,177.09,6862511
2023-06-30,177.69,178.53,177.32,178.27,6420904
2023-07-03,178.61,179.34,178.46,178.47,4085711
2023-07-05,179.41,179.42,177.825,177.84,5652091
2023-07-06,177.51,177.8,176.66,177.31,5132954
2023-07-07,178.38,179.65,178.35,178.64,5201148
2023-07-10,178.37,178.92,178.2601,178.78,3320497
2023-07-11,179.43,179.71,179.13,179.45,2819610
2023-07-12,181.18,181.95,181.1,181.88,7062010
2023-07-13,181.96,182.15,181.49,182.01,4527900
2023-07-14,181.59,182.17,181.1101,181.43,5389968
2023-07-17,180.99,181.6307,180.64,181.56,4152919
2023-07-18,182.79,184.23,182.32,183.64,8242597
2023-07-19,183.45,183.835,182.87,183.67,3911565
2023-07-20,183.73,183.77,182.47,182.74,4972856
2023-07-21,182.06,182.46,181.68,182.18,3845361
2023-07-24,182.22,182.54,181.34,181.4,4370026
2023-07-25,181.72,182.47,181.1,182.41,4090149
2023-07-26,182.66,183.64,182.31,183.3,6158432
2023-07-27,181.64,181.64,180.32,180.42,7592752
2023-07-28,181.48,182.27,181.25,181.86,3829197
2023-07-31,182.43,183.09,182.31,182.35,5496890
2023-08-01,180.85,181.375,180.19,180.46,6289869
2023-08-02,180.57,180.79,179.41,179.6,6348266
2023-08-03,179.44,179.95,179.28,179.54,4638874
2023-08-04,180.25,180.77,179.85,180.19,5326191
2023-08-07,180.15,180.15,179.27,179.78,4510408
2023-08-08,178.64,179.33,178.46,178.64,6162879
2023-08-09,178.68,178.92,177.78,177.79,4643998
2023-08-10,178.22,178.7,177.54,177.6,5934598
2023-08-11,177.7,178.36,177.49,177.6,5289694
2023-08-14,176.86,177.58,176.5787,177.06,9554477
2023-08-15,176.75,177.43,176.33,176.59,7582703
2023-08-16,176.62,176.945,175.56,175.57,6559418
2023-08-17,176.53,176.56,174.93,175.3,7937672
2023-08-18,175.83,176.055,175.1,175.33,6253027
2023-08-21,175.9,175.94,174.96,175.81,4206360
2023-08-22,175.83,176.25,175.31,176.1,5892540
2023-08-23,177.32,178.22,177.07,177.89,7949056
2023-08-24,177.66,178.49,177.41,177.85,5526428
2023-08-25,177.58,178.38,176.63,177.62,6132927
2023-08-28,177.65,178.73,177.51,178.13,4740683
2023-08-29,178.03,179.88,177.9,179.87,7576640
2023-08-30,180.58,180.88,180.29,180.32,6593692
2023-08-31,180.37,180.49,179.94,180.02,4795626
2023-09-01,180.8,181.12,179.51,180.11,4970732
2023-09-05,179.33,179.4438,178.64,178.64,7056834
2023-09-06,178.33,179.01,177.7,177.83,6427224
2023-09-07,178.31,178.3701,177.9,178.02,3257213
2023-09-08,178.36,179.045,177.9,178.08,3293699
2023-09-11,178.97,179.07,178.261,178.41,3689085
2023-09-12,177.11,177.7,177.05,177.49,4445435
2023-09-13,177.53,177.75,177.035,177.08,3874788
2023-09-14,176.5,177.39,176.36,177.17,6184382
2023-09-15,178.55,179.105,178.34,178.34,5620888
2023-09-18,178.82,179.41,178.38,179.39,5049308
2023-09-19,179.54,179.65,179.03,179.22,4225102
2023-09-20,179.34,180.66,179.32,179.35,9330262
2023-09-21,177.86,178.485,177.69,178.05,7573300
2023-09-22,178.65,178.95,178.51,178.62,3637075
2023-09-25,178.41,178.71,177.64,177.7,5582074
2023-09-26,176.825,177.14,176.16,176.28,7181080
2023-09-27,175.27,175.32,173.7,174.1,10919579
2023-09-28,173.91,174.135,172.32,173.23,10061917
2023-09-29,173.92,174.03,171.265,171.45,10427383
2023-10-02,170.23,170.46,169.5,169.65,12706027
2023-10-03,169.14,170.08,168.745,169.16,11459840
2023-10-04,169.21,169.41,168.5,169.14,10034600
2023-10-05,168.74,169,168.3,168.83,6970219
2023-10-06,169.17,170.23,168.5,169.7,9948433
2023-10-09,171.18,172.86,171.075,172.82,10201547
2023-10-10,172.08,172.795,171.9,172.53,5843995
2023-10-11,173.6,174.125,173.26,173.79,7128002
2023-10-12,174.06,174.23,173.24,173.26,5912663
2023-10-13,176.8921,179.095,176.72,178.83,18802885
2023-10-16,177.84,178.33,177.535,177.96,8385428
2023-10-17,178.37,179.13,177.98,178.29,8231866
2023-10-18,180.894,182.02,179.75,180.87,13920793
2023-10-19,181.04,183.43,180.82,183.09,13406560
2023-10-20,183.43,185.23,183.09,183.59,12785667
2023-10-23,183.5099,183.56,182.705,182.97,9479805
2023-10-24,182.07,183.4,181.68,182.95,6593963
2023-10-25,183.42,184.2993,182.04,183.72,10087016
2023-10-26,183.4,184.49,182.87,184.01,7671406
2023-10-27,183.76,186.36,183.47,186.15,14102828
2023-10-30,185.54,185.7,184.73,185.1,8756405
2023-10-31,185.08,186.21,183.495,184.09,10104569
2023-11-01,183.91,185,182.67,183.51,9048562
2023-11-02,184.13,184.28,183.5,184.12,7343699
2023-11-03,184.48,185.47,184.35,184.79,8530399
2023-11-06,184.14,184.23,183.34,183.35,8274666
2023-11-07,182.25,182.65,181.75,182.59,6795795
2023-11-08,182.01,182.065,180.5699,180.77,6738304
2023-11-09,180.98,182.28,180.89,181.49,6486286
2023-11-10,180.51,180.585,179.245,179.51,7611618
2023-11-13,179.4,180.73,179.11,180.51,5385908
2023-11-14,181.7,182.75,181.62,182.12,6831639
2023-11-15,182.03,182.18,181.31,181.64,4909399
2023-11-16,182.8457,184.32,182.8,183.69,8253348
2023-11-17,183.96,184.125,183.45,183.67,4871297
2023-11-20,182.32,183.48,182.225,183.37,5393464
2023-11-21,185.57,186.115,185.065,185.35,7322379
2023-11-22,185.47,185.72,184.2715,184.56,4338209
2023-11-24,185.47,185.75,185.16,185.52,2445058
2023-11-27,186.56,186.8,185.93,186.77,6320420
2023-11-28,187.9,189.4,187.52,189.26,10901890
2023-11-29,189.16,189.99,189.02,189.54,8407253
2023-11-30,188.89,189.24,188.28,188.75,7558123
2023-12-01,188.805,192.395,188.685,192.01,16727571
2023-12-04,189.599,190.38,187.26,187.86,18460544
2023-12-05,187.5501,187.88,186.3,187.15,7027722
2023-12-06,188.32,188.46,187.5,187.84,5778604
2023-12-07,188.45,188.59,187.26,188.15,5802025
2023-12-08,185.93,186.78,184.9,185.64,7883204
2023-12-11,184.5,184.53,183.1513,183.59,8519527
2023-12-12,183.844,183.98,183.26,183.49,5056911
2023-12-13,183.82,187.66,183.38,187.63,10635500
2023-12-14,188.8649,189.82,188.08,188.73,9107157
2023-12-15,188.52,188.96,186.82,187,8324824
2023-12-18,187.5,188.49,187.24,187.85,5357987
2023-12-19,188.23,189.7239,188.13,189.13,6025564
2023-12-20,188.69,188.96,188.085,188.1,6002395
2023-12-21,189.21,189.62,188.75,189.43,4619995
2023-12-22,191.6,191.88,190.07,190.27,7176292
2023-12-26,190.97,191.74,190.4,191.72,4502664
2023-12-27,191.77,193.1823,191.54,192.59,5813295
2023-12-28,192.34,192.89,191.44,191.47,6171506
2023-12-29,190.99,191.64,190.74,191.17,4612349
2024-01-02,191.44,191.89,190.5,190.72,6025646
2024-01-03,188.77,189.86,188.16,189.13,8661568
2024-01-04,189.08,189.75,188.69,189.32,4416743
2024-01-05,189.68,191.26,189.08,189.35,7481883
2024-01-08,187.21,188.74,187.11,187.87,6214968
2024-01-09,188.68,188.78,187.73,187.93,4437269
2024-01-10,188.14,188.44,187.205,187.5,4504726
2024-01-11,188.02,188.55,186.56,187.87,6831086
2024-01-12,190.67,191.08,189.16,189.71,6833678
2024-01-16,189.15,189.26,187.54,187.91,6548068
2024-01-17,187.31,187.42,185.45,185.84,8643163
2024-01-18,186.36,187.4,186.3,187.37,4685239
2024-01-19,188.26,188.3,187.44,187.93,5719650
2024-01-22,187.23,187.7601,186.85,187.22,4397522
2024-01-23,187.45,188.15,187.28,187.95,5040771
2024-01-24,188.33,188.37,186.32,186.4,6085437
2024-01-25,187.34,187.64,186.46,187.14,4651026
2024-01-26,187.27,187.38,186.76,187.01,5064774
2024-01-29,188.31,188.54,187.1899,188.33,5629695
2024-01-30,189.7,189.83,187.975,188.59,4976467
2024-01-31,189.37,190.46,188.13,188.45,7886115
2024-02-01,189.71,191.36,188.99,190.41,10278129
2024-02-02,188.07,188.87,187.85,188.61,7337573
2024-02-05,186.875,187.82,186.7,187.57,5436062
2024-02-06,187.94,188.854,187.742,188.55,4866122
2024-02-07,188.45,189.39,188.28,188.5,6276879
2024-02-08,187.91,188.5298,187.8199,188.33,3873445
2024-02-09,187.56,187.77,187.14,187.6,4412654
2024-02-12,186.6,187.27,186.36,187.11,4706253
2024-02-13,185.35,185.38,184.33,184.53,9525794
2024-02-14,184.27,184.88,183.78,184.42,7031562
2024-02-15,185.6,186.02,185.095,185.66,6228859
2024-02-16,185.076,186.67,184.835,186.34,6518526
2024-02-20,187.96,188.03,187.4,187.47,5531152
2024-02-21,187.88,188.04,187.1,187.48,5789951
2024-02-22,187.56,187.64,187.05,187.56,4550823
2024-02-23,187.56,189.18,187.46,188.62,6827271
2024-02-26,187.79,188.36,187.53,188.2,4491937
2024-02-27,188.58,188.72,187.88,188,5165376
2024-02-28,188.34,188.52,188.0301,188.34,2824131
2024-02-29,189.64,189.918,189.23,189.31,6848639
2024-03-01,190.27,193.4,189.44,192.89,13410997
2024-03-04,194.15,196.3299,193.88,196.01,12216341
2024-03-05,197.44,198.14,196.65,197.19,9672210
2024-03-06,198.08,199.3,197.44,198.81,10459292
2024-03-07,199.54,200.11,198.91,199.94,8403737
2024-03-08,200.89,203.3,200.4459,201.63,13540110
2024-03-11,201.71,202.41,201.46,202,7329560
2024-03-12,200.42,200.6277,199.16,199.79,9436586
2024-03-13,200.44,201.86,200.35,201.19,5929990
2024-03-14,200.37,200.47,199.34,200.35,6865044
2024-03-15,199.94,200.634,199.57,199.71,4556710
2024-03-18,199.66,200.145,199.51,200.03,7206823
2024-03-19,199.62,199.81,198.935,199.8,4657527
2024-03-20,199.16,202.66,199.12,202.18,9593754
2024-03-21,203.88,203.92,200.6,201.97,7396540
2024-03-22,201.32,201.86,199.715,200.35,6918508
2024-03-25,201.19,201.95,200.965,200.99,4034750
2024-03-26,202.65,202.76,201.07,201.64,5752677
2024-03-27,202.32,203.22,202.32,203.1,6040980
2024-03-28,204.54,206.05,203.87,205.72,9194473
2024-04-01,208.68,208.73,206.29,207.82,13677114
2024-04-02,209.07,211.03,208.36,210.89,13421070
2024-04-03,210.57,212.83,210.3,212.74,11416226
2024-04-04,212,213.45,211.02,211.52,12307274
2024-04-05,212.49,215.74,212.22,215.14,13382720
2024-04-08,215.98,216.81,214.61,216.48,10331406
2024-04-09,217.81,218.86,216.45,217.67,13079306
2024-04-10,215.37,217.78,214.68,215.61,13317492
2024-04-11,216.85,219.84,215.89,219.8,11415224
2024-04-12,221.87,225.09,216.02,216.89,30898775
2024-04-15,217.94,221.03,215.16,220.95,13238952
2024-04-16,220.18,221.99,218.78,221.22,10746123
2024-04-17,221.05,221.76,218.52,219.59,11521054
2024-04-18,221.31,221.4599,219.312,220.34,6496885
2024-04-19,220.49,222.36,220.08,221.03,8688967
2024-04-22,216.35,216.9578,215.14,215.57,13404253
2024-04-23,213.96,215.86,213.87,215.04,10730332
2024-04-24,214.76,216.35,214.36,214.64,5741072
2024-04-25,214.47,217.05,214.3357,215.92,6606512
2024-04-26,216.77,217.0676,215.53,216.62,6268504
2024-04-29,216.02,217.215,215.25,216.18,6409870
2024-04-30,213.38,214.1271,211.8,211.87,11248615
2024-05-01,212.96,215.5,212.41,213.79,10373880
2024-05-02,211.9,213.705,211.49,213.13,6286967
2024-05-03,212.89,213.225,210.71,212.96,8679910
2024-05-06,215.14,215.91,214.47,215.2,6840477
2024-05-07,214.52,214.93,213.88,214.21,5660735
2024-05-08,213.62,214.8,213.5,213.58,4462736
2024-05-09,214.48,216.95,214.44,216.95,7732469
2024-05-10,219.22,219.6,218.08,218.71,8700917
2024-05-13,217.06,217.31,215.8,216.26,4896343
2024-05-14,217.31,218.3795,216.98,218.09,4662679
2024-05-15,219.06,221.19,217.65,220.89,9297715
2024-05-16,220.14,220.585,219.41,220.03,4301652
2024-05-17,222.18,223.8501,221.67,223.66,10481937
2024-05-20,223.79,225.66,223.02,224.56,5990860
2024-05-21,224.77,225.21,223.7,224.23,4002615
2024-05-22,223.09,223.24,219.7407,220.11,8903115
2024-05-23,218.78,219.23,215.66,215.72,9537911
2024-05-24,216.96,217.21,215.74,215.92,4212379
2024-05-28,218.43,218.59,217.21,218.19,3809677
2024-05-29,216.92,217.16,216.12,216.16,4184972
2024-05-30,216.69,217.51,216.41,216.57,3071290
2024-05-31,217.77,217.96,214.65,215.3,5617183
2024-06-03,215.92,217.82,215.54,217.22,6172606
2024-06-04,216.24,216.24,214.2,215.27,5509361
2024-06-05,216.69,218.0795,215.93,217.82,5479226
2024-06-06,218.36,219.97,218.1,219.43,5283914
2024-06-07,215.07,215.19,211.54,211.6,12195073
2024-06-10,213.13,214.02,212.76,213.54,4219641
2024-06-11,213.95,214.38,213.24,214.15,4004085
2024-06-12,216.47,216.55,214.2,214.72,5911883
2024-06-13,214.44,214.96,212.26,212.97,5861099
2024-06-14,215.34,216.04,214.98,215.73,7076496
2024-06-17,214.9,215.24,213.6,214.61,3852657
2024-06-18,214.38,215.83,214.04,215.47,4921415
2024-06-20,216.32,218.7413,216.15,218.16,7290516
2024-06-21,217.83,217.9,214.255,214.78,8935399
2024-06-24,215.55,215.94,215.2,215.63,4626923
2024-06-25,214.96,215.31,214.12,214.56,3847694
2024-06-26,212.39,213.11,212.1204,212.58,4690348
2024-06-27,214.71,215.5,214.45,214.99,4977837
2024-06-28,215.64,215.8148,214.82,215.01,3955080
2024-07-01,215.25,216,214.485,215.57,3797921
2024-07-02,215.33,216.08,214.6204,215.56,4921672
2024-07-03,217.34,218.7397,217.33,217.99,5055313
2024-07-05,219.58,221.28,219.58,220.93,5950550
2024-07-08,219.64,220.04,217.41,218.19,5790811
2024-07-09,218.57,219.29,217.265,218.56,3904495
2024-07-10,220.14,220.71,219.16,219.36,5556185
2024-07-11,222.65,224.1489,221.48,223.25,9323981
2024-07-12,222.03,223.62,221.86,223.11,5179297
2024-07-15,223.39,225.59,223.02,223.83,5719339
2024-07-16,225.45,228.29,225.3,228.29,11070663
2024-07-17,228.79,229.65,226.67,227.23,8620511
2024-07-18,227.71,228.32,225.57,225.78,5485459
2024-07-19,221.52,222.68,221.41,221.73,8665956
2024-07-22,221.58,221.92,220.4,221.8,5334060
2024-07-23,222.34,222.75,221.86,222.58,4435700
2024-07-24,223.47,224.88,221.74,221.8,6838783
2024-07-25,219.02,219.2607,217.52,218.33,9777054
2024-07-26,219.96,221.04,219.7,220.63,6328784
2024-07-29,221.26,221.55,219.045,220.32,4665057
2024-07-30,221.41,222.92,220.355,222.52,4939531
2024-07-31,223.73,226.6,223.64,226.55,7316552
2024-08-01,226.74,227.57,225.05,225.77,7217224
2024-08-02,227.95,228.76,222.865,225.34,11109387
2024-08-05,220.56,223.1,220.241,222.48,8939011
2024-08-06,221.5,222.14,220.11,220.7,14362267
2024-08-07,221.94,222.31,220.35,220.55,5287817
2024-08-08,222.73,224.25,222.515,224.01,6327054
2024-08-09,224.82,225.28,223.82,224.56,4441017
2024-08-12,226.14,228.535,225.965,228.41,5561259
2024-08-13,228.07,228.87,227.59,228.06,6740238
2024-08-14,226.55,227.48,225.35,226.2,5462495
2024-08-15,226.51,227.5,225.12,226.91,5273310
2024-08-16,229.99,232.02,229.005,231.99,11924536
2024-08-19,230.15,231.78,229.74,231.61,5164817
2024-08-20,233.71,234.01,231.13,232.46,9073611
2024-08-21,231.69,232.87,230.48,232.15,5337388
2024-08-22,230.35,230.38,228.26,229.37,5765369
2024-08-23,231.04,232.73,230.5199,232.02,5418171
2024-08-26,233.45,233.5,232.06,232.76,3151384
2024-08-27,231.69,233.47,231.5701,233.39,4435606
2024-08-28,232,232.02,230.73,231.75,4961482
2024-08-29,231.95,233.61,231.92,232.95,5524161
2024-08-30,232.53,232.86,230.5501,231.29,5742963
2024-09-03,230.38,230.54,228.52,230.29,6417918
2024-09-04,229.79,231.06,229.375,230.43,4695980
2024-09-05,232.72,232.89,231.33,232.35,4838112
2024-09-06,231.83,232.76,229.62,230.63,6315824
2024-09-09,231.26,231.62,230.39,231.6,3548806
2024-09-10,232.39,232.74,231.12,232.62,4378349
2024-09-11,231.72,232.87,231.09,232.25,4637312
2024-09-12,234.63,236.45,234.42,236.33,9944986
2024-09-13,238.13,238.98,237.7575,238.68,7455078
2024-09-16,238.73,239.278,238.05,238.66,4713541
2024-09-17,238.08,238.6,236.61,237.34,5257119
2024-09-18,238.19,240.2896,235.3,235.51,11081114
2024-09-19,238.24,239.515,237.39,239.17,6108226
2024-09-20,241.11,242.625,240.47,242.21,7737416
2024-09-23,242.97,243.46,242.585,242.68,5426166
2024-09-24,243.39,246.19,243.15,246.07,8386348
2024-09-25,246.19,246.47,244.79,245.73,7393448
2024-09-26,246.44,247.37,245.19,246.98,7041063
2024-09-27,246.31,246.75,244.19,245.02,8329633
2024-09-30,243.97,244.08,242.5,243.06,6919352
2024-10-01,245.2,246.98,245.06,245.61,10605494
2024-10-02,245.61,246.07,243.99,245.66,6798783
2024-10-03,244.72,245.91,243.69,245.49,5674503
2024-10-04,245,246.69,244.045,245,5951628
2024-10-07,244.58,244.82,243.81,244.17,3849026
2024-10-08,243.79,244.04,240.63,242.37,7669807
2024-10-09,241.16,241.84,240.64,241.05,4120486
2024-10-10,241.77,243.02,241.5101,242.82,4792690
2024-10-11,244.5,245.92,244.47,245.47,5789546
2024-10-14,245.16,245.86,244.26,245.07,3922892
2024-10-15,244.99,246.55,244.53,245.92,5640831
2024-10-16,247.62,248.09,246.36,247.15,5431939
2024-10-17,247.75,249.06,247.62,248.63,5176170
2024-10-18,250,251.37,249.9,251.27,7833614
2024-10-21,252.74,253.14,250.73,251.22,9258590
2024-10-22,253.06,253.94,252.52,253.93,5756321
2024-10-23,253.08,253.18,250.2,250.87,8080958
2024-10-24,253.27,253.32,251.4,252.8,5962188
2024-10-25,252,253.5499,251.77,253.32,4424475
2024-10-28,253.01,253.63,252.95,253.33,4029110
2024-10-29,254.49,256.29,254.23,256.09,8875470
2024-10-30,256.76,257.71,255.9101,257.5,6386196
2024-10-31,255.52,255.6,252.2,253.51,9930827
2024-11-01,254.33,254.86,252.435,252.47,6473012
2024-11-04,253.32,253.58,252.27,252.83,4581435
2024-11-05,253.78,253.9893,252.41,253.4,6029884
2024-11-06,245.635,247.35,244.9506,245.7,14600217
2024-11-07,248.29,250.24,248.12,249.65,8821445
2024-11-08,249.07,249.35,247.78,247.96,6267916
2024-11-11,242.73,242.73,241.06,242.14,11653848
2024-11-12,241.29,241.66,239.39,240.05,10145510
2024-11-13,241.31,241.47,237.59,237.63,8431694
2024-11-14,236.57,237.9886,236.1326,237.01,8262426
2024-11-15,237.57,237.88,236.33,236.59,7299482
2024-11-18,240.46,241.495,240.45,241.09,6512986
2024-11-19,242.75,243.31,242.03,243.25,6579103
2024-11-20,243.74,245.21,243.51,244.62,6630737
2024-11-21,246.23,246.81,245.69,246.66,7646429
2024-11-22,248.2,250.39,247.86,249.84,7502963
2024-11-25,244.27,244.3999,241.48,242.48,10733109
2024-11-26,242.71,243.09,241.58,242.95,4945897
2024-11-27,244.85,245.1835,243.2,243.49,6930587
2024-11-29,245.25,245.81,244.73,245.59,2708494
2024-12-02,244.46,244.5805,243.14,243.44,4765001
2024-12-03,244.96,245.18,243.3,243.93,3557819
2024-12-04,244.93,245.34,244.365,244.67,4608584
2024-12-05,244.16,244.38,242.15,242.86,4806206
2024-12-06,242.79,243.86,242.435,242.95,3540698
2024-12-09,246.28,247.11,245.2595,245.36,4711536
2024-12-10,247.86,248.86,247.83,248.59,4641963
2024-12-11,249.35,251.26,248.97,250.96,11033776
2024-12-12,247.81,248.24,246.87,247.28,10149585
2024-12-13,245.67,245.94,244.27,244.29,6602591
2024-12-16,245.41,245.54,244.29,244.88,3310036
2024-12-17,243.8,244.55,243.23,243.94,4421339
2024-12-18,243.57,243.7095,238.82,239.26,8015848
2024-12-19,239.67,240.05,238.73,239.6,8113568
2024-12-20,241.41,242.955,241.17,242.1,9527805
2024-12-23,241.6,241.67,240.65,240.96,5835498
2024-12-24,241.49,241.66,240.82,241.44,2421008
2024-12-26,242.39,243.56,242.195,243.07,4651778
2024-12-27,241.2,241.95,241.05,241.4,4728440
2024-12-30,241.08,241.08,239.58,240.63,3522539
2024-12-31,241.05,242.52,241.05,242.13,2522102
2025-01-02,244.22,245.53,244.08,245.42,6241899
2025-01-03,244.56,244.82,243.36,243.49,4875546
2025-01-06,242.33,243.79,242.05,243.19,3758903
2025-01-07,245.52,245.77,243.81,244.56,5090333
2025-01-08,245.72,246.45,244.51,245.86,6303334
2025-01-10,248.01,249.04,247.55,248.21,12380131
2025-01-13,246.34,246.79,245.151,245.74,8448595
2025-01-14,245.62,247.04,245.52,247.03,4914837
2025-01-15,248.21,248.9,247.0102,248.88,6344973
2025-01-16,250.56,251.39,250.27,250.6,9235998
2025-01-17,249.7,250.81,249.15,249.27,8312858
2025-01-21,251.95,253.3598,251.83,253.13,7668119
2025-01-22,254.29,254.68,253.7801,254.43,5213777
2025-01-23,253.19,254.54,252.82,254.07,6511526
2025-01-24,255.96,257.07,255.61,255.65,7341337
2025-01-27,253.86,254.26,251.92,252.99,5799780
2025-01-28,254.225,255.25,253.891,255.18,5332005
2025-01-29,254.55,254.82,253.3,254.2,5671753
2025-01-30,257.2,258.29,256.45,258.05,12981164
2025-01-31,259.08,259.99,257.86,258.56,8965576
2025-02-03,259.75,261.3897,259.5236,259.94,11521093
2025-02-04,261.83,262.54,261.35,262.5,9850412
2025-02-05,264.45,265.99,263.89,264.13,12681127
2025-02-06,263.66,263.72,261.49,263.43,8731433
2025-02-07,265.22,266.345,263.26,263.9,9154042
2025-02-10,268,268.66,267.24,268.37,13250312
2025-02-11,267.7,268.36,266.711,267.39,7169450
2025-02-12,267.15,268.43,266.3451,267.67,9328598
2025-02-13,268.4,270.39,268.22,270.31,8347547
2025-02-14,270.07,270.21,265.45,266.29,11546721
2025-02-18,269.68,271.0099,269.6,270.7,8185949
2025-02-19,270.68,271.33,269.24,270.85,9342452
2025-02-20,270.23,271.84,270.17,270.99,7356900
2025-02-21,270.795,271.51,269.51,270.74,8917431
2025-02-24,271.45,272.32,270.375,272.21,5374360
2025-02-25,271.46,271.6796,266.45,268.62,10079777
2025-02-26,267.08,269.08,266.6612,269.03,7276033
2025-02-27,266.49,266.67,264.4475,264.93,9374626
2025-02-28,262.555,263.4,261.25,263.27,11504491
2025-03-03,265.07,266.88,265.07,266.74,7725647
2025-03-04,269.01,269.4,267.52,269.06,8481343
2025-03-05,267.97,270.26,267.96,269.62,6990354
2025-03-06,268.25,269.51,268.16,268.25,6136447
2025-03-07,269.09,270.34,267.64,268.39,10431236
2025-03-10,267.62,268.44,265.64,266.04,7593890
2025-03-11,268.47,269.73,268.4401,269.16,8436562
2025-03-12,268.47,271.23,268.36,270.33,7236239
2025-03-13,271.57,275.345,271.55,275.13,13741460
2025-03-14,276.27,276.3,274.66,275.24,13364965
2025-03-17,275.54,276.79,275.39,276.73,8583359
2025-03-18,279.9,280.215,278.97,279.96,9596547
2025-03-19,279.85,281.479,279.06,281.11,8822197
2025-03-20,279.49,280.9,279.43,280.75,5863288
2025-03-21,279.46,279.46,276.59,278.49,9359340
2025-03-24,278.91,279.089,276.86,277.25,7870109
2025-03-25,278.78,279.96,278.27,278.47,5090179
2025-03-26,278.93,279.02,277.78,278.24,3741843
2025-03-27,280.55,282.065,279.5868,281.97,8476335
2025-03-28,283.82,284.64,282.86,284.06,9563660
2025-03-31,287.53,288.39,285.85,288.14,13925100
2025-04-01,288.54,289.13,285.91,287.57,15923553
2025-04-02,288.28,289.03,287.36,288.16,11074787
2025-04-03,282.78,289.09,282.45,286.42,20524385
2025-04-04,283.64,284.03,278.02,279.72,21517158
2025-04-07,278.855,280.14,272.58,273.71,19806990
2025-04-08,277.8665,278.32,274.24,275.2,12639534
2025-04-09,282.22,285.87,281.04,285.38,25342180
2025-04-10,288.805,292.86,287.231,292.35,19837799
2025-04-11,297.96,299.275,296.81,297.93,21080132
2025-04-14,295.54,296.58,294.53,296.23,12427590
2025-04-15,296.93,298.02,296.09,297.78,7924134
2025-04-16,304.65,308.0599,303.8,307.47,20778079
2025-04-17,306.31,307.13,302.73,306.12,18287825
2025-04-21,315.015,316.41,313.945,315.59,20372259
2025-04-22,317.49,317.63,310.36,311.11,35242287
2025-04-23,304.18,304.74,300.59,303.65,25421464
2025-04-24,306.98,308.495,304.71,308.07,10844971
2025-04-25,301.78,305.37,301.01,304.73,10691590
2025-04-28,304.15,309.11,302.97,309.07,9375484
2025-04-29,305.81,306.95,304,306.06,6852106
2025-04-30,304.605,306.065,303.44,303.77,8331894
2025-05-01,297.41,297.94,295.32,297.46,14969062
2025-05-02,300.17,300.85,297.03,297.98,8678366
2025-05-05,305.92,307.65,304.675,306.88,8924009
2025-05-06,313.12,315.62,311.4,315.48,11445270
2025-05-07,312.1,313.26,310.08,310.75,7909976
2025-05-08,309.76,310.48,303.05,304.63,11927583
2025-05-09,307.79,308.57,306.0101,306.84,6913131
2025-05-12,298.33,299.47,296.82,298.19,14375881
2025-05-13,299.02,300.3,297.24,299.46,10233603
2025-05-14,293.67,294.8,291.96,293.16,14800596
2025-05-15,294.1,297.9,293.75,297.84,13497735
2025-05-16,292.62,294.575,291.78,294.24,14173039
2025-05-19,297.845,298.58,296.482,298.03,11656261
2025-05-20,298.35,303.6825,298.3,303.58,12850980
2025-05-21,304.55,306.46,303.67,305.82,12414518
2025-05-22,305.09,305.28,302.1,303.11,9704165
2025-05-23,308.86,310.25,307.47,309.75,13339473
2025-05-27,303.81,304.875,302.74,304.5,9578486
2025-05-28,304.64,304.99,303.06,303.81,8803333
2025-05-29,305.74,306.89,304.46,305.61,9502412
2025-05-30,303.64,304.02,301.5,303.6,9553260
2025-06-02,309.21,311.72,308.72,311.67,13593232
2025-06-03,309.56,309.56,307.15,308.91,9315081
2025-06-04,309.41,311.88,308.74,310.9,7462529
2025-06-05,311.24,312.2,307.6501,309.33,10856012
2025-06-06,309.09,309.2,305.1,305.18,7787508
2025-06-09,305.39,307.61,305.06,306.62,7159036
2025-06-10,308.31,308.6,305.87,306.71,7071702
2025-06-11,307.5,308.615,305.85,308.37,9248766
2025-06-12,311.74,313.1,311.15,312.2,11531407
2025-06-13,317.26,317.6,315.0375,316.29,16592949
2025-06-16,314.8,314.87,311.65,311.78,12848440
2025-06-17,312.66,313,310.12,311.94,8234115
2025-06-18,312.89,312.98,309.86,310.26,9370785
2025-06-20,309.33,310.89,309.25,310.13,8794711
2025-06-23,310.34,312.67,310.31,311.08,12687916
2025-06-24,305.07,306.34,303.54,306.19,12035177
2025-06-25,305.31,307.36,305.12,307.12,6733155
2025-06-26,305.77,307.28,304.855,306.78,6787517
2025-06-27,300.03,302.36,299.89,301.22,13301308
2025-06-30,302.385,304.92,301.95,304.83,8192086
2025-07-01,308.555,309,307.36,307.55,9335647
2025-07-02,308.035,309.395,306.96,309.25,8316377
2025-07-03,307.05,307.57,306.15,307.14,5275838
2025-07-07,305.07,307.705,304.53,307.37,7351641
2025-07-08,306.3,306.445,302.77,304.16,11840545
2025-07-09,303.58,305.54,303.23,305.52,10644077
2025-07-10,306.11,306.51,304.82,306.2,7059561
2025-07-11,308.855,310.28,308.5153,309.14,9187302
2025-07-14,309.07,309.38,307.73,308.01,5772879
2025-07-15,307.73,308.74,305.79,306.73,8149008
2025-07-16,307.11,311.09,305.73,308.26,17693100
2025-07-17,305.5,307.665,305.12,307.59,6642258
2025-07-18,309.24,309.37,308.32,308.39,5574281
2025-07-21,311.88,313.31,311.61,313.13,10995756
2025-07-22,314.48,316.24,313.62,316.1,13691849
2025-07-23,314,314.96,311.42,312.18,10547520
2025-07-24,309.29,310.99,309.06,310.27,7698763
2025-07-25,307.82,308.31,306.2,307.4,9376386
2025-07-28,306.44,306.58,304.05,305.41,9275440
2025-07-29,305.8,307.03,304.985,306.25,5741114
2025-07-30,304.42,304.65,300.955,300.96,13459595
2025-07-31,304.59,304.61,302.86,302.96,8980956
2025-08-01,308.61,309.55,307.45,309.11,12843364
2025-08-04,310.8,311.74,310.37,310.91,7639030
2025-08-05,310.37,312.24,310.22,311.16,6997693
2025-08-06,310.32,311.24,309.84,310.5,7418158
2025-08-07,311.72,313.135,310.7,313.12,10891459
2025-08-08,312.35,313.53,311,313.05,19886802
2025-08-11,308.62,309.66,307.63,308.55,10326704
2025-08-12,308.22,309.305,306.71,308.27,9701725
2025-08-13,309.1,310.39,308.45,309.21,4718586
2025-08-14,307.925,308.34,306.52,307.25,5817726
2025-08-15,307.34,308,306.87,307.43,5990110